20.000000 0.000000
20.190000 0.010000
20.381603 0.020000
20.574817 0.030000
20.769649 0.040000
20.966108 0.050000
21.164200 0.060000
21.363932 0.070000
21.565313 0.080000
21.768348 0.090000
21.973045 0.100000
22.179412 0.110000
22.387453 0.120000
22.597177 0.130000
22.808589 0.140000
23.021696 0.150000
23.236503 0.160000
23.453018 0.170000
23.671245 0.180000
23.891191 0.190000
24.112860 0.200000
24.336258 0.210000
24.561391 0.220000
24.788264 0.230000
25.016880 0.240000
25.247245 0.250000
25.479364 0.260000
25.713239 0.270000
25.948877 0.280000
26.186279 0.290000
26.425451 0.300000
26.666395 0.310000
26.909115 0.320000
27.153613 0.330000
27.399893 0.340000
27.647957 0.350000
27.897807 0.360000
28.149445 0.370000
28.402873 0.380000
28.658093 0.390000
28.915107 0.400000
29.173914 0.410000
29.434516 0.420000
29.696914 0.430000
29.961108 0.440000
30.227097 0.450000
30.494882 0.460000
30.764462 0.470000
31.035837 0.480000
31.309004 0.490000
31.583963 0.500000
31.860712 0.510000
32.139250 0.520000
32.419572 0.530000
32.701678 0.540000
32.985565 0.550000
33.271228 0.560000
33.558664 0.570000
33.847870 0.580000
34.138841 0.590000
34.431573 0.600000
34.726061 0.610000
35.022300 0.620000
35.320283 0.630000
35.620006 0.640000
35.921462 0.650000
36.224644 0.660000
36.529546 0.670000
36.836160 0.680000
37.144478 0.690000
37.454492 0.700000
37.766195 0.710000
38.079577 0.720000
38.394629 0.730000
38.711342 0.740000
39.029706 0.750000
39.349710 0.760000
39.671345 0.770000
39.994598 0.780000
40.319459 0.790000
40.645916 0.800000
40.973957 0.810000
41.303569 0.820000
41.634740 0.830000
41.967456 0.839999
42.301703 0.849999
42.637468 0.859999
42.974736 0.869999
43.313492 0.879999
43.653721 0.889999
43.995407 0.899999
44.338535 0.909999
44.683088 0.919999
45.029050 0.929999
45.376403 0.939999
45.725130 0.949999
46.075213 0.959999
46.426634 0.969999
46.779373 0.979999
47.133413 0.989999
47.488734 0.999999
47.845316 1.009999
48.203139 1.019999
48.562182 1.029999
48.922426 1.039999
49.283847 1.049999
49.646426 1.059999
50.010140 1.069999
50.374966 1.079999
50.740883 1.089999
51.107868 1.099999
51.475897 1.109999
51.844946 1.119999
52.214992 1.129999
52.586010 1.139999
52.957976 1.149999
53.330866 1.159999
53.704653 1.169999
54.079313 1.179999
54.454819 1.189999
54.831146 1.199999
55.208268 1.209999
55.586157 1.219999
55.964787 1.229999
56.344131 1.239999
56.724161 1.249999
57.104850 1.259999
57.486169 1.269999
57.868092 1.279999
58.250588 1.289999
58.633631 1.299999
59.017190 1.309999
59.401237 1.319999
59.785744 1.329999
60.170679 1.339999
60.556015 1.349999
60.941720 1.359999
61.327766 1.369999
61.714123 1.379999
62.100759 1.389999
62.487645 1.399999
62.874750 1.409999
63.262044 1.419999
63.649495 1.429999
64.037074 1.439999
64.424750 1.449999
64.812490 1.459999
65.200265 1.469999
65.588043 1.479999
65.975793 1.489999
66.363484 1.499999
66.751085 1.509999
67.138563 1.519999
67.525889 1.529999
67.913030 1.539999
68.299956 1.549999
68.686635 1.559999
69.073036 1.569999
69.459127 1.579999
69.844878 1.589999
70.230257 1.599999
70.615233 1.609999
70.999776 1.619999
71.383854 1.629999
71.767436 1.639999
72.150492 1.649999
72.532991 1.659999
72.914902 1.669999
73.296196 1.679999
73.676841 1.689999
74.056809 1.699999
74.436068 1.709999
74.814589 1.719999
75.192342 1.729999
75.569298 1.739999
75.945428 1.749999
76.320703 1.759999
76.695093 1.769999
77.068571 1.779999
77.441107 1.789999
77.812673 1.799999
78.183242 1.809999
78.552786 1.819999
78.921277 1.829999
79.288688 1.839999
79.654993 1.849999
80.020164 1.859999
80.384175 1.869999
80.747000 1.879999
81.108613 1.889999
81.468990 1.899999
81.828103 1.909999
82.185930 1.919999
82.542444 1.929999
82.897623 1.939999
83.251441 1.949998
83.603876 1.959998
83.954904 1.969998
84.304503 1.979998
84.652649 1.989998
84.999321 1.999998
85.344497 2.009999
85.688155 2.019999
86.030274 2.029999
86.370834 2.039999
86.709815 2.049999
87.047195 2.059999
87.382957 2.069999
87.717080 2.079998
88.049545 2.089998
88.380335 2.099998
88.709432 2.109998
89.036817 2.119998
89.362473 2.129998
89.686385 2.139998
90.008534 2.149998
90.328906 2.159998
90.647484 2.169998
90.964254 2.179998
91.279200 2.189998
91.592308 2.199998
91.903565 2.209998
92.212956 2.219998
92.520468 2.229998
92.826089 2.239998
93.129806 2.249998
93.431608 2.259998
93.731482 2.269998
94.029418 2.279998
94.325404 2.289998
94.619431 2.299998
94.911489 2.309998
95.201567 2.319998
95.489657 2.329998
95.775750 2.339998
96.059838 2.349998
96.341912 2.359998
96.621965 2.369998
96.899991 2.379998
97.175981 2.389998
97.449930 2.399998
97.721832 2.409998
97.991680 2.419998
98.259470 2.429998
98.525197 2.439998
98.788857 2.449998
99.050444 2.459998
99.309955 2.469998
99.567387 2.479998
99.822737 2.489998
100.076002 2.499998
100.327179 2.509998
100.576266 2.519998
100.823262 2.529998
101.068166 2.539998
101.310975 2.549998
101.551690 2.559998
101.790310 2.569998
102.026836 2.579998
102.261266 2.589998
102.493602 2.599998
102.723845 2.609998
102.951995 2.619998
103.178055 2.629998
103.402026 2.639998
103.623910 2.649998
103.843709 2.659998
104.061426 2.669998
104.277063 2.679998
104.490625 2.689998
104.702114 2.699998
104.911534 2.709998
105.118888 2.719998
105.324182 2.729998
105.527420 2.739998
105.728605 2.749998
105.927743 2.759998
106.124840 2.769998
106.319900 2.779998
106.512929 2.789998
106.703933 2.799998
106.892918 2.809998
107.079890 2.819998
107.264855 2.829998
107.447821 2.839998
107.628793 2.849998
107.807780 2.859998
107.984787 2.869998
108.159823 2.879998
108.332894 2.889998
108.504010 2.899998
108.673177 2.909998
108.840403 2.919998
109.005697 2.929998
109.169068 2.939998
109.330523 2.949998
109.490071 2.959998
109.647720 2.969998
109.803481 2.979998
109.957362 2.989998
110.109371 2.999998
110.259519 3.009998
110.407815 3.019998
110.554268 3.029998
110.698887 3.039998
110.841683 3.049998
110.982666 3.059998
111.121844 3.069998
111.259229 3.079998
111.394830 3.089998
111.528658 3.099998
111.660723 3.109998
111.791034 3.119998
111.919603 3.129997
112.046441 3.139997
112.171556 3.149997
112.294961 3.159997
112.416666 3.169997
112.536681 3.179997
112.655018 3.189997
112.771687 3.199997
112.886699 3.209997
113.000065 3.219997
113.111796 3.229997
113.221903 3.239997
113.330398 3.249997
113.437290 3.259997
113.542591 3.269997
113.646313 3.279997
113.748466 3.289997
113.849061 3.299997
113.948111 3.309997
114.045625 3.319997
114.141616 3.329997
114.236094 3.339997
114.329071 3.349997
114.420557 3.359997
114.510565 3.369997
114.599105 3.379997
114.686189 3.389997
114.771827 3.399997
114.856032 3.409997
114.938813 3.419997
115.020183 3.429997
115.100153 3.439997
115.178733 3.449997
115.255936 3.459997
115.331771 3.469997
115.406251 3.479997
115.479386 3.489997
115.551187 3.499997
115.621666 3.509997
115.690833 3.519997
115.758699 3.529997
115.825276 3.539997
115.890575 3.549997
115.954605 3.559997
116.017378 3.569997
116.078906 3.579997
116.139198 3.589997
116.198265 3.599997
116.256119 3.609997
116.312769 3.619997
116.368227 3.629997
116.422503 3.639997
116.475607 3.649997
116.527550 3.659997
116.578343 3.669997
116.627996 3.679997
116.676519 3.689997
116.723922 3.699997
116.770216 3.709997
116.815412 3.719997
116.859518 3.729997
116.902546 3.739997
116.944505 3.749997
116.985405 3.759997
117.025256 3.769997
117.064068 3.779997
117.101852 3.789997
117.138616 3.799997
117.174370 3.809997
117.209125 3.819997
117.242889 3.829997
117.275672 3.839997
117.307484 3.849997
117.338334 3.859997
117.368231 3.869997
117.397185 3.879997
117.425205 3.889997
117.452300 3.899997
117.478479 3.909997
117.503752 3.919997
117.528127 3.929997
117.551613 3.939997
117.574220 3.949997
117.595955 3.959997
117.616828 3.969997
117.636847 3.979997
117.656021 3.989997
117.674359 3.999997
117.691868 4.009997
117.708558 4.019997
117.724437 4.029997
117.739513 4.039998
117.753794 4.049998
117.767289 4.059998
117.780005 4.069998
117.791951 4.079998
117.803135 4.089999
117.813565 4.099999
117.823247 4.109999
117.832191 4.119999
117.840404 4.130000
117.847894 4.140000
117.854668 4.150000
117.860734 4.160000
117.866099 4.170001
117.870770 4.180001
117.874756 4.190001
117.878063 4.200001
117.880699 4.210001
117.882671 4.220002
117.883985 4.230002
117.884650 4.240002
117.884671 4.250002
117.884056 4.260003
117.882812 4.270003
117.880946 4.280003
117.878464 4.290003
117.875373 4.300004
117.871679 4.310004
117.867390 4.320004
117.862511 4.330004
117.857050 4.340004
117.851012 4.350005
117.844403 4.360005
117.837231 4.370005
117.829502 4.380005
117.821221 4.390006
117.812394 4.400006
117.803029 4.410006
117.793130 4.420006
117.782703 4.430007
117.771755 4.440007
117.760292 4.450007
117.748318 4.460007
117.735841 4.470007
117.722864 4.480008
117.709395 4.490008
117.695439 4.500008
117.681000 4.510008
117.666085 4.520009
117.650699 4.530009
117.634848 4.540009
117.618536 4.550009
117.601768 4.560009
117.584551 4.570010
117.566889 4.580010
117.548787 4.590010
117.530251 4.600010
117.511284 4.610011
117.491893 4.620011
117.472082 4.630011
117.451856 4.640011
117.431219 4.650012
117.410177 4.660012
117.388734 4.670012
117.366895 4.680012
117.344664 4.690012
117.322046 4.700013
117.299045 4.710013
117.275666 4.720013
117.251914 4.730013
117.227792 4.740014
117.203305 4.750014
117.178458 4.760014
117.153254 4.770014
117.127697 4.780015
117.101793 4.790015
117.075544 4.800015
117.048955 4.810015
117.022031 4.820015
116.994774 4.830016
116.967189 4.840016
116.939280 4.850016
116.911051 4.860016
116.882506 4.870017
116.853647 4.880017
116.824480 4.890017
116.795007 4.900017
116.765233 4.910017
116.735161 4.920018
116.704794 4.930018
116.674136 4.940018
116.643191 4.950018
116.611962 4.960019
116.580453 4.970019
116.548666 4.980019
116.516606 4.990019
116.484275 5.000020
116.451678 5.010020
116.418816 5.020020
116.385694 5.030020
116.352314 5.040020
116.318680 5.050021
116.284794 5.060021
116.250661 5.070021
116.216282 5.080021
116.181662 5.090022
116.146802 5.100022
116.111706 5.110022
116.076377 5.120022
116.040818 5.130023
116.005031 5.140023
115.969019 5.150023
115.932786 5.160023
115.896334 5.170023
115.859665 5.180024
115.822782 5.190024
115.785689 5.200024
115.748387 5.210024
115.710879 5.220025
115.673168 5.230025
115.635257 5.240025
115.597148 5.250025
115.558843 5.260026
115.520345 5.270026
115.481656 5.280026
115.442779 5.290026
115.403716 5.300026
115.364470 5.310027
115.325043 5.320027
115.285437 5.330027
115.245654 5.340027
115.205697 5.350028
115.165568 5.360028
115.125270 5.370028
115.084803 5.380028
115.044172 5.390028
115.003376 5.400029
114.962420 5.410029
114.921305 5.420029
114.880033 5.430029
114.838605 5.440030
114.797025 5.450030
114.755294 5.460030
114.713414 5.470030
114.671387 5.480031
114.629215 5.490031
114.586899 5.500031
114.544443 5.510031
114.501847 5.520031
114.459113 5.530032
114.416244 5.540032
114.373241 5.550032
114.330106 5.560032
114.286840 5.570033
114.243446 5.580033
114.199925 5.590033
114.156279 5.600033
114.112509 5.610034
114.068618 5.620034
114.024607 5.630034
113.980477 5.640034
113.936230 5.650034
113.891868 5.660035
113.847392 5.670035
113.802804 5.680035
113.758105 5.690035
113.713298 5.700036
113.668382 5.710036
113.623361 5.720036
113.578235 5.730036
113.533006 5.740036
113.487676 5.750037
113.442245 5.760037
113.396715 5.770037
113.351088 5.780037
113.305365 5.790038
113.259547 5.800038
113.213635 5.810038
113.167632 5.820038
113.121538 5.830039
113.075355 5.840039
113.029083 5.850039
112.982725 5.860039
112.936281 5.870039
112.889753 5.880040
112.843141 5.890040
112.796448 5.900040
112.749674 5.910040
112.702820 5.920041
112.655889 5.930041
112.608880 5.940041
112.561795 5.950041
112.514635 5.960042
112.467401 5.970042
112.420095 5.980042
112.372717 5.990042
112.325269 6.000042
112.277751 6.010043
112.230166 6.020043
112.182512 6.030043
112.134793 6.040043
112.087008 6.050044
112.039159 6.060044
111.991247 6.070044
111.943273 6.080044
111.895238 6.090044
111.847142 6.100045
111.798987 6.110045
111.750774 6.120045
111.702503 6.130045
111.654175 6.140046
111.605793 6.150046
111.557355 6.160046
111.508864 6.170046
111.460320 6.180047
111.411723 6.190047
111.363076 6.200047
111.314378 6.210047
111.265631 6.220047
111.216835 6.230048
111.167992 6.240048
111.119101 6.250048
111.070164 6.260048
111.021182 6.270049
110.972155 6.280049
110.923085 6.290049
110.873971 6.300049
110.824815 6.310050
110.775618 6.320050
110.726379 6.330050
110.677101 6.340050
110.627783 6.350050
110.578427 6.360051
110.529033 6.370051
110.479601 6.380051
110.430134 6.390051
110.380630 6.400052
110.331091 6.410052
110.281518 6.420052
110.231911 6.430052
110.182270 6.440053
110.132597 6.450053
110.082893 6.460053
110.033157 6.470053
109.983390 6.480053
109.933594 6.490054
109.883768 6.500054
109.833914 6.510054
109.784031 6.520054
109.734120 6.530055
109.684183 6.540055
109.634219 6.550055
109.584230 6.560055
109.534215 6.570055
109.484175 6.580056
109.434111 6.590056
109.384024 6.600056
109.333913 6.610056
109.283780 6.620057
109.233625 6.630057
109.183448 6.640057
109.133251 6.650057
109.083033 6.660058
109.032795 6.670058
108.982537 6.680058
108.932261 6.690058
108.881966 6.700058
108.831652 6.710059
108.781322 6.720059
108.730974 6.730059
108.680610 6.740059
108.630229 6.750060
108.579833 6.760060
108.529422 6.770060
108.478995 6.780060
108.428555 6.790061
108.378100 6.800061
108.327632 6.810061
108.277151 6.820061
108.226657 6.830061
108.176151 6.840062
108.125633 6.850062
108.075104 6.860062
108.024563 6.870062
107.974012 6.880063
107.923451 6.890063
107.872880 6.900063
107.822299 6.910063
107.771709 6.920063
107.721111 6.930064
107.670504 6.940064
107.619889 6.950064
107.569266 6.960064
107.518637 6.970065
107.468000 6.980065
107.417357 6.990065
107.366707 7.000065
107.316051 7.010066
107.265390 7.020066
107.214724 7.030066
107.164053 7.040066
107.113377 7.050066
107.062697 7.060067
107.012013 7.070067
106.961325 7.080067
106.910634 7.090067
106.859940 7.100068
106.809244 7.110068
106.758545 7.120068
106.707843 7.130068
106.657140 7.140069
106.606436 7.150069
106.555730 7.160069
106.505023 7.170069
106.454316 7.180069
106.403608 7.190070
106.352900 7.200070
106.302192 7.210070
106.251485 7.220070
106.200778 7.230071
106.150072 7.240071
106.099367 7.250071
106.048664 7.260071
105.997962 7.270072
105.947263 7.280072
105.896565 7.290072
105.845870 7.300072
105.795178 7.310072
105.744489 7.320073
105.693802 7.330073
105.643120 7.340073
105.592440 7.350073
105.541765 7.360074
105.491093 7.370074
105.440426 7.380074
105.389764 7.390074
105.339106 7.400074
105.288453 7.410075
105.237805 7.420075
105.187163 7.430075
105.136526 7.440075
105.085894 7.450076
105.035269 7.460076
104.984650 7.470076
104.934037 7.480076
104.883431 7.490077
104.832832 7.500077
104.782240 7.510077
104.731654 7.520077
104.681076 7.530077
104.630506 7.540078
104.579943 7.550078
104.529388 7.560078
104.478841 7.570078
104.428302 7.580079
104.377772 7.590079
104.327250 7.600079
104.276737 7.610079
104.226233 7.620080
104.175738 7.630080
104.125252 7.640080
104.074776 7.650080
104.024309 7.660080
103.973851 7.670081
103.923404 7.680081
103.872967 7.690081
103.822540 7.700081
103.772123 7.710082
103.721716 7.720082
103.671321 7.730082
103.620935 7.740082
103.570561 7.750082
103.520198 7.760083
103.469846 7.770083
103.419506 7.780083
103.369177 7.790083
103.318859 7.800084
103.268554 7.810084
103.218260 7.820084
103.167978 7.830084
103.117708 7.840085
103.067451 7.850085
103.017206 7.860085
102.966973 7.870085
102.916753 7.880085
102.866546 7.890086
102.816351 7.900086
102.766170 7.910086
102.716002 7.920086
102.665847 7.930087
102.615705 7.940087
102.565577 7.950087
102.515462 7.960087
102.465361 7.970088
102.415274 7.980088
102.365201 7.990088
102.315142 8.000088
102.265096 8.010088
102.215065 8.020088
102.165049 8.030088
102.115047 8.040089
102.065059 8.050089
102.015086 8.060089
101.965127 8.070089
101.915184 8.080090
101.865255 8.090090
101.815342 8.100090
101.765443 8.110090
101.715560 8.120090
101.665692 8.130091
101.615839 8.140091
101.566002 8.150091
101.516180 8.160091
101.466374 8.170092
101.416584 8.180092
101.366809 8.190092
101.317051 8.200092
101.267308 8.210093
101.217582 8.220093
101.167871 8.230093
101.118177 8.240093
101.068499 8.250093
101.018838 8.260094
100.969193 8.270094
100.919564 8.280094
100.869952 8.290094
100.820357 8.300095
100.770779 8.310095
100.721217 8.320095
100.671673 8.330095
100.622145 8.340096
100.572634 8.350096
100.523141 8.360096
100.473664 8.370096
100.424205 8.380096
100.374763 8.390097
100.325339 8.400097
100.275932 8.410097
100.226542 8.420097
100.177170 8.430098
100.127816 8.440098
100.078479 8.450098
100.029160 8.460098
99.979859 8.470098
99.930576 8.480099
99.881311 8.490099
99.832064 8.500099
99.782835 8.510099
99.733624 8.520100
99.684431 8.530100
99.635256 8.540100
99.586100 8.550100
99.536962 8.560101
99.487842 8.570101
99.438741 8.580101
99.389658 8.590101
99.340594 8.600101
99.291548 8.610102
99.242521 8.620102
99.193513 8.630102
99.144523 8.640102
99.095552 8.650103
99.046600 8.660103
98.997667 8.670103
98.948753 8.680103
98.899858 8.690104
98.850982 8.700104
98.802125 8.710104
98.753286 8.720104
98.704468 8.730104
98.655668 8.740105
98.606887 8.750105
98.558126 8.760105
98.509384 8.770105
98.460662 8.780106
98.411959 8.790106
98.363275 8.800106
98.314611 8.810106
98.265966 8.820107
98.217341 8.830107
98.168735 8.840107
98.120149 8.850107
98.071583 8.860107
98.023036 8.870108
97.974509 8.880108
97.926002 8.890108
97.877514 8.900108
97.829047 8.910109
97.780599 8.920109
97.732171 8.930109
97.683763 8.940109
97.635376 8.950109
97.587008 8.960110
97.538660 8.970110
97.490332 8.980110
97.442024 8.990110
97.393736 9.000111
97.345469 9.010111
97.297222 9.020111
97.248994 9.030111
97.200788 9.040112
97.152601 9.050112
97.104434 9.060112
97.056288 9.070112
97.008163 9.080112
96.960057 9.090113
96.911972 9.100113
96.863908 9.110113
96.815864 9.120113
96.767840 9.130114
96.719837 9.140114
96.671854 9.150114
96.623892 9.160114
96.575950 9.170115
96.528029 9.180115
96.480129 9.190115
96.432249 9.200115
96.384390 9.210115
96.336552 9.220116
96.288734 9.230116
96.240937 9.240116
96.193160 9.250116
96.145405 9.260117
96.097670 9.270117
96.049956 9.280117
96.002263 9.290117
95.954590 9.300117
95.906939 9.310118
95.859308 9.320118
95.811698 9.330118
95.764110 9.340118
95.716542 9.350119
95.668995 9.360119
95.621468 9.370119
95.573963 9.380119
95.526479 9.390120
95.479016 9.400120
95.431574 9.410120
95.384153 9.420120
95.336753 9.430120
95.289374 9.440121
95.242016 9.450121
95.194679 9.460121
95.147364 9.470121
95.100069 9.480122
95.052796 9.490122
95.005543 9.500122
94.958312 9.510122
94.911102 9.520123
94.863913 9.530123
94.816746 9.540123
94.769599 9.550123
94.722474 9.560123
94.675370 9.570124
94.628288 9.580124
94.581226 9.590124
94.534186 9.600124
94.487167 9.610125
94.440170 9.620125
94.393194 9.630125
94.346239 9.640125
94.299305 9.650126
94.252393 9.660126
94.205502 9.670126
94.158632 9.680126
94.111784 9.690126
94.064957 9.700127
94.018151 9.710127
93.971367 9.720127
93.924604 9.730127
93.877863 9.740128
93.831143 9.750128
93.784444 9.760128
93.737767 9.770128
93.691112 9.780128
93.644477 9.790129
93.597865 9.800129
93.551273 9.810129
93.504703 9.820129
93.458155 9.830130
93.411628 9.840130
93.365123 9.850130
93.318639 9.860130
93.272176 9.870131
93.225735 9.880131
93.179315 9.890131
93.132917 9.900131
93.086541 9.910131
93.040186 9.920132
92.993853 9.930132
92.947541 9.940132
92.901250 9.950132
92.854981 9.960133
92.808734 9.970133
92.762508 9.980133
92.716304 9.990133
92.670121 10.000134
92.623960 10.010134
92.577820 10.020134
92.531702 10.030134
92.485606 10.040134
92.439531 10.050135
92.393478 10.060135
92.347446 10.070135
92.301436 10.080135
92.255447 10.090136
92.209480 10.100136
92.163535 10.110136
92.117611 10.120136
92.071709 10.130136
92.025828 10.140137
91.979969 10.150137
91.934131 10.160137
91.888315 10.170137
91.842521 10.180138
91.796748 10.190138
91.750997 10.200138
91.705268 10.210138
91.659560 10.220139
91.613873 10.230139
91.568209 10.240139
91.522566 10.250139
91.476944 10.260139
91.431344 10.270140
91.385766 10.280140
91.340209 10.290140
91.294674 10.300140
91.249160 10.310141
91.203669 10.320141
91.158198 10.330141
91.112750 10.340141
91.067322 10.350142
91.021917 10.360142
90.976533 10.370142
90.931171 10.380142
90.885830 10.390142
90.840511 10.400143
90.795213 10.410143
90.749938 10.420143
90.704683 10.430143
90.659451 10.440144
90.614239 10.450144
90.569050 10.460144
90.523882 10.470144
90.478736 10.480145
90.433611 10.490145
90.388508 10.500145
90.343426 10.510145
90.298366 10.520145
90.253328 10.530146
90.208311 10.540146
90.163315 10.550146
90.118342 10.560146
90.073389 10.570147
90.028459 10.580147
89.983550 10.590147
89.938662 10.600147
89.893796 10.610147
89.848952 10.620148
89.804129 10.630148
89.759328 10.640148
89.714548 10.650148
89.669790 10.660149
89.625053 10.670149
89.580338 10.680149
89.535645 10.690149
89.490973 10.700150
89.446322 10.710150
89.401693 10.720150
89.357086 10.730150
89.312500 10.740150
89.267935 10.750151
89.223392 10.760151
89.178871 10.770151
89.134371 10.780151
89.089893 10.790152
89.045436 10.800152
89.001000 10.810152
88.956586 10.820152
88.912194 10.830153
88.867823 10.840153
88.823473 10.850153
88.779145 10.860153
88.734839 10.870153
88.690554 10.880154
88.646290 10.890154
88.602048 10.900154
88.557827 10.910154
88.513627 10.920155
88.469450 10.930155
88.425293 10.940155
88.381158 10.950155
88.337044 10.960155
88.292952 10.970156
88.248881 10.980156
88.204832 10.990156
88.160804 11.000156
88.116797 11.010157
88.072812 11.020157
88.028848 11.030157
87.984906 11.040157
87.940985 11.050158
87.897085 11.060158
87.853207 11.070158
87.809350 11.080158
87.765514 11.090158
87.721700 11.100159
87.677907 11.110159
87.634135 11.120159
87.590385 11.130159
87.546656 11.140160
87.502948 11.150160
87.459262 11.160160
87.415597 11.170160
87.371953 11.180161
87.328331 11.190161
87.284730 11.200161
87.241150 11.210161
87.197591 11.220161
87.154054 11.230162
87.110538 11.240162
87.067043 11.250162
87.023569 11.260162
86.980117 11.270163
86.936686 11.280163
86.893276 11.290163
86.849888 11.300163
86.806520 11.310163
86.763174 11.320164
86.719849 11.330164
86.676545 11.340164
86.633263 11.350164
86.590001 11.360165
86.546761 11.370165
86.503542 11.380165
86.460344 11.390165
86.417167 11.400166
86.374012 11.410166
86.330878 11.420166
86.287764 11.430166
86.244672 11.440166
86.201601 11.450167
86.158551 11.460167
86.115522 11.470167
86.072515 11.480167
86.029528 11.490168
85.986563 11.500168
85.943618 11.510168
85.900695 11.520168
85.857793 11.530169
85.814911 11.540169
85.772051 11.550169
85.729212 11.560169
85.686394 11.570169
85.643597 11.580170
85.600821 11.590170
85.558066 11.600170
85.515332 11.610170
85.472619 11.620171
85.429927 11.630171
85.387256 11.640171
85.344606 11.650171
85.301977 11.660172
85.259369 11.670172
85.216782 11.680172
85.174216 11.690172
85.131671 11.700172
85.089147 11.710173
85.046643 11.720173
85.004161 11.730173
84.961699 11.740173
84.919259 11.750174
84.876839 11.760174
84.834440 11.770174
84.792062 11.780174
84.749705 11.790174
84.707369 11.800175
84.665054 11.810175
84.622759 11.820175
84.580486 11.830175
84.538233 11.840176
84.496001 11.850176
84.453790 11.860176
84.411600 11.870176
84.369430 11.880177
84.327281 11.890177
84.285153 11.900177
84.243046 11.910177
84.200960 11.920177
84.158894 11.930178
84.116850 11.940178
84.074825 11.950178
84.032822 11.960178
83.990839 11.970179
83.948878 11.980179
83.906936 11.990179
83.865016 12.000179
83.823116 12.010180
83.781237 12.020180
83.739379 12.030180
83.697541 12.040180
83.655724 12.050180
83.613927 12.060181
83.572152 12.070181
83.530397 12.080181
83.488662 12.090181
83.446948 12.100182
83.405255 12.110182
83.363582 12.120182
83.321930 12.130182
83.280299 12.140182
83.238688 12.150183
83.197098 12.160183
83.155528 12.170183
83.113979 12.180183
83.072450 12.190184
83.030942 12.200184
82.989455 12.210184
82.947988 12.220184
82.906541 12.230185
82.865115 12.240185
82.823710 12.250185
82.782325 12.260185
82.740960 12.270185
82.699616 12.280186
82.658293 12.290186
82.616990 12.300186
82.575707 12.310186
82.534445 12.320187
82.493203 12.330187
82.451982 12.340187
82.410781 12.350187
82.369600 12.360188
82.328440 12.370188
82.287301 12.380188
82.246181 12.390188
82.205082 12.400188
82.164004 12.410189
82.122945 12.420189
82.081907 12.430189
82.040890 12.440189
81.999893 12.450190
81.958916 12.460190
81.917959 12.470190
81.877023 12.480190
81.836107 12.490191
81.795211 12.500191
81.754336 12.510191
81.713480 12.520191
81.672645 12.530191
81.631831 12.540192
81.591036 12.550192
81.550262 12.560192
81.509508 12.570192
81.468774 12.580193
81.428061 12.590193
81.387367 12.600193
81.346694 12.610193
81.306041 12.620193
81.265408 12.630194
81.224796 12.640194
81.184203 12.650194
81.143631 12.660194
81.103079 12.670195
81.062547 12.680195
81.022035 12.690195
80.981543 12.700195
80.941071 12.710196
80.900619 12.720196
80.860188 12.730196
80.819776 12.740196
80.779385 12.750196
80.739013 12.760197
80.698662 12.770197
80.658331 12.780197
80.618019 12.790197
80.577728 12.800198
80.537457 12.810198
80.497206 12.820198
80.456974 12.830198
80.416763 12.840199
80.376572 12.850199
80.336400 12.860199
80.296249 12.870199
80.256118 12.880199
80.216006 12.890200
80.175914 12.900200
80.135843 12.910200
80.095791 12.920200
80.055759 12.930201
80.015747 12.940201
79.975755 12.950201
79.935783 12.960201
79.895831 12.970201
79.855899 12.980202
79.815986 12.990202
79.776093 13.000202
79.736220 13.010202
79.696367 13.020203
79.656534 13.030203
79.616720 13.040203
79.576927 13.050203
79.537153 13.060204
79.497399 13.070204
79.457664 13.080204
79.417950 13.090204
79.378255 13.100204
79.338580 13.110205
79.298925 13.120205
79.259289 13.130205
79.219673 13.140205
79.180077 13.150206
79.140500 13.160206
79.100944 13.170206
79.061406 13.180206
79.021889 13.190207
78.982391 13.200207
78.942913 13.210207
78.903455 13.220207
78.864016 13.230207
78.824596 13.240208
78.785197 13.250208
78.745817 13.260208
78.706456 13.270208
78.667115 13.280209
78.627794 13.290209
78.588493 13.300209
78.549210 13.310209
78.509948 13.320210
78.470705 13.330210
78.431481 13.340210
78.392277 13.350210
78.353093 13.360210
78.313928 13.370211
78.274782 13.380211
78.235656 13.390211
78.196550 13.400211
78.157463 13.410212
78.118395 13.420212
78.079347 13.430212
78.040319 13.440212
78.001309 13.450212
77.962320 13.460213
77.923349 13.470213
77.884398 13.480213
77.845467 13.490213
77.806554 13.500214
77.767662 13.510214
77.728788 13.520214
77.689934 13.530214
77.651099 13.540215
77.612284 13.550215
77.573488 13.560215
77.534711 13.570215
77.495954 13.580215
77.457216 13.590216
77.418497 13.600216
77.379797 13.610216
77.341117 13.620216
77.302456 13.630217
77.263814 13.640217
77.225192 13.650217
77.186589 13.660217
77.148005 13.670218
77.109440 13.680218
77.070894 13.690218
77.032368 13.700218
76.993861 13.710218
76.955373 13.720219
76.916904 13.730219
76.878454 13.740219
76.840024 13.750219
76.801613 13.760220
76.763221 13.770220
76.724848 13.780220
76.686494 13.790220
76.648159 13.800220
76.609843 13.810221
76.571547 13.820221
76.533269 13.830221
76.495011 13.840221
76.456771 13.850222
76.418551 13.860222
76.380350 13.870222
76.342168 13.880222
76.304005 13.890223
76.265861 13.900223
76.227735 13.910223
76.189629 13.920223
76.151542 13.930223
76.113474 13.940224
76.075425 13.950224
76.037395 13.960224
75.999384 13.970224
75.961391 13.980225
75.923418 13.990225
75.885464 14.000225
75.847528 14.010225
75.809612 14.020226
75.771714 14.030226
75.733835 14.040226
75.695976 14.050226
75.658135 14.060226
75.620313 14.070227
75.582509 14.080227
75.544725 14.090227
75.506959 14.100227
75.469213 14.110228
75.431485 14.120228
75.393776 14.130228
75.356086 14.140228
75.318414 14.150229
75.280762 14.160229
75.243128 14.170229
75.205513 14.180229
75.167916 14.190229
75.130339 14.200230
75.092780 14.210230
75.055240 14.220230
75.017718 14.230230
74.980216 14.240231
74.942732 14.250231
74.905267 14.260231
74.867820 14.270231
74.830392 14.280231
74.792983 14.290232
74.755592 14.300232
74.718220 14.310232
74.680867 14.320232
74.643533 14.330233
74.606217 14.340233
74.568919 14.350233
74.531640 14.360233
74.494380 14.370234
74.457139 14.380234
74.419916 14.390234
74.382711 14.400234
74.345525 14.410234
74.308358 14.420235
74.271209 14.430235
74.234079 14.440235
74.196967 14.450235
74.159874 14.460236
74.122800 14.470236
74.085743 14.480236
74.048706 14.490236
74.011687 14.500237
73.974686 14.510237
73.937704 14.520237
73.900740 14.530237
73.863795 14.540237
73.826868 14.550238
73.789959 14.560238
73.753069 14.570238
73.716197 14.580238
73.679344 14.590239
73.642509 14.600239
73.605693 14.610239
73.568895 14.620239
73.532115 14.630239
73.495354 14.640240
73.458611 14.650240
73.421886 14.660240
73.385180 14.670240
73.348492 14.680241
73.311822 14.690241
73.275171 14.700241
73.238537 14.710241
73.201923 14.720242
73.165326 14.730242
73.128748 14.740242
73.092188 14.750242
73.055646 14.760242
73.019123 14.770243
72.982617 14.780243
72.946130 14.790243
72.909661 14.800243
72.873211 14.810244
72.836778 14.820244
72.800364 14.830244
72.763968 14.840244
72.727590 14.850245
72.691230 14.860245
72.654889 14.870245
72.618565 14.880245
72.582260 14.890245
72.545973 14.900246
72.509703 14.910246
72.473453 14.920246
72.437220 14.930246
72.401005 14.940247
72.364808 14.950247
72.328630 14.960247
72.292469 14.970247
72.256326 14.980247
72.220202 14.990248
72.184096 15.000248
72.148007 15.010248
72.111937 15.020248
72.075884 15.030249
72.039850 15.040249
72.003834 15.050249
71.967835 15.060249
71.931855 15.070250
71.895892 15.080250
71.859948 15.090250
71.824021 15.100250
71.788113 15.110250
71.752222 15.120251
71.716349 15.130251
71.680495 15.140251
71.644658 15.150251
71.608839 15.160252
71.573037 15.170252
71.537254 15.180252
71.501489 15.190252
71.465741 15.200253
71.430012 15.210253
71.394300 15.220253
71.358606 15.230253
71.322930 15.240253
71.287271 15.250254
71.251631 15.260254
71.216008 15.270254
71.180403 15.280254
71.144816 15.290255
71.109246 15.300255
71.073695 15.310255
71.038161 15.320255
71.002645 15.330256
70.967146 15.340256
70.931666 15.350256
70.896203 15.360256
70.860757 15.370256
70.825330 15.380257
70.789920 15.390257
70.754528 15.400257
70.719154 15.410257
70.683797 15.420258
70.648458 15.430258
70.613136 15.440258
70.577832 15.450258
70.542546 15.460258
70.507277 15.470259
70.472026 15.480259
70.436793 15.490259
70.401577 15.500259
70.366379 15.510260
70.331199 15.520260
70.296036 15.530260
70.260890 15.540260
70.225762 15.550261
70.190652 15.560261
70.155559 15.570261
70.120484 15.580261
70.085426 15.590261
70.050386 15.600262
70.015363 15.610262
69.980358 15.620262
69.945370 15.630262
69.910400 15.640263
69.875447 15.650263
69.840512 15.660263
69.805594 15.670263
69.770693 15.680264
69.735810 15.690264
69.700945 15.700264
69.666096 15.710264
69.631266 15.720264
69.596452 15.730265
69.561656 15.740265
69.526878 15.750265
69.492117 15.760265
69.457373 15.770266
69.422646 15.780266
69.387937 15.790266
69.353245 15.800266
69.318571 15.810266
69.283914 15.820267
69.249274 15.830267
69.214651 15.840267
69.180046 15.850267
69.145458 15.860268
69.110887 15.870268
69.076334 15.880268
69.041798 15.890268
69.007279 15.900269
68.972777 15.910269
68.938293 15.920269
68.903826 15.930269
68.869376 15.940269
68.834943 15.950270
68.800528 15.960270
68.766129 15.970270
68.731748 15.980270
68.697384 15.990271
68.663038 16.000271
68.628708 16.010271
68.594395 16.020271
68.560100 16.030272
68.525822 16.040272
68.491561 16.050272
68.457317 16.060272
68.423090 16.070272
68.388880 16.080273
68.354688 16.090273
68.320512 16.100273
68.286354 16.110273
68.252212 16.120274
68.218088 16.130274
68.183981 16.140274
68.149890 16.150274
68.115817 16.160275
68.081761 16.170275
68.047722 16.180275
68.013700 16.190275
67.979694 16.200275
67.945706 16.210276
67.911735 16.220276
67.877781 16.230276
67.843844 16.240276
67.809923 16.250277
67.776020 16.260277
67.742134 16.270277
67.708264 16.280277
67.674412 16.290277
67.640576 16.300278
67.606757 16.310278
67.572955 16.320278
67.539170 16.330278
67.505402 16.340279
67.471651 16.350279
67.437917 16.360279
67.404199 16.370279
67.370499 16.380280
67.336815 16.390280
67.303148 16.400280
67.269498 16.410280
67.235865 16.420280
67.202248 16.430281
67.168649 16.440281
67.135066 16.450281
67.101500 16.460281
67.067950 16.470282
67.034418 16.480282
67.000902 16.490282
66.967403 16.500282
66.933921 16.510283
66.900455 16.520283
66.867006 16.530283
66.833574 16.540283
66.800158 16.550283
66.766760 16.560284
66.733378 16.570284
66.700012 16.580284
66.666664 16.590284
66.633332 16.600285
66.600016 16.610285
66.566718 16.620285
66.533435 16.630285
66.500170 16.640285
66.466921 16.650286
66.433689 16.660286
66.400473 16.670286
66.367274 16.680286
66.334092 16.690287
66.300926 16.700287
66.267777 16.710287
66.234644 16.720287
66.201528 16.730288
66.168429 16.740288
66.135346 16.750288
66.102279 16.760288
66.069229 16.770288
66.036196 16.780289
66.003179 16.790289
65.970178 16.800289
65.937194 16.810289
65.904227 16.820290
65.871276 16.830290
65.838341 16.840290
65.805423 16.850290
65.772522 16.860291
65.739637 16.870291
65.706768 16.880291
65.673916 16.890291
65.641080 16.900291
65.608260 16.910292
65.575457 16.920292
65.542671 16.930292
65.509900 16.940292
65.477146 16.950293
65.444409 16.960293
65.411688 16.970293
65.378983 16.980293
65.346294 16.990294
65.313622 17.000294
65.280967 17.010294
65.248327 17.020294
65.215704 17.030294
65.183097 17.040295
65.150506 17.050295
65.117932 17.060295
65.085374 17.070295
65.052833 17.080296
65.020307 17.090296
64.987798 17.100296
64.955305 17.110296
64.922828 17.120296
64.890368 17.130297
64.857924 17.140297
64.825496 17.150297
64.793084 17.160297
64.760688 17.170298
64.728309 17.180298
64.695945 17.190298
64.663598 17.200298
64.631267 17.210299
64.598953 17.220299
64.566654 17.230299
64.534372 17.240299
64.502105 17.250299
64.469855 17.260300
64.437621 17.270300
64.405403 17.280300
64.373201 17.290300
64.341016 17.300301
64.308846 17.310301
64.276692 17.320301
64.244555 17.330301
64.212433 17.340302
64.180328 17.350302
64.148239 17.360302
64.116165 17.370302
64.084108 17.380302
64.052067 17.390303
64.020042 17.400303
63.988032 17.410303
63.956039 17.420303
63.924062 17.430304
63.892101 17.440304
63.860155 17.450304
63.828226 17.460304
63.796313 17.470304
63.764415 17.480305
63.732534 17.490305
63.700669 17.500305
63.668819 17.510305
63.636985 17.520306
63.605168 17.530306
63.573366 17.540306
63.541580 17.550306
63.509810 17.560307
63.478056 17.570307
63.446317 17.580307
63.414595 17.590307
63.382888 17.600307
63.351197 17.610308
63.319523 17.620308
63.287864 17.630308
63.256220 17.640308
63.224593 17.650309
63.192981 17.660309
63.161385 17.670309
63.129805 17.680309
63.098241 17.690310
63.066693 17.700310
63.035160 17.710310
63.003643 17.720310
62.972142 17.730310
62.940657 17.740311
62.909187 17.750311
62.877733 17.760311
62.846295 17.770311
62.814872 17.780312
62.783465 17.790312
62.752074 17.800312
62.720699 17.810312
62.689339 17.820312
62.657995 17.830313
62.626667 17.840313
62.595354 17.850313
62.564057 17.860313
62.532776 17.870314
62.501510 17.880314
62.470260 17.890314
62.439025 17.900314
62.407806 17.910315
62.376603 17.920315
62.345415 17.930315
62.314243 17.940315
62.283087 17.950315
62.251946 17.960316
62.220820 17.970316
62.189710 17.980316
62.158616 17.990316
62.127537 18.000317
62.096474 18.010317
62.065427 18.020317
62.034394 18.030317
62.003378 18.040318
61.972377 18.050318
61.941391 18.060318
61.910421 18.070318
61.879466 18.080318
61.848527 18.090319
61.817603 18.100319
61.786695 18.110319
61.755802 18.120319
61.724925 18.130320
61.694063 18.140320
61.663216 18.150320
61.632385 18.160320
61.601570 18.170321
61.570769 18.180321
61.539984 18.190321
61.509215 18.200321
61.478461 18.210321
61.447722 18.220322
61.416999 18.230322
61.386291 18.240322
61.355598 18.250322
61.324921 18.260323
61.294259 18.270323
61.263612 18.280323
61.232981 18.290323
61.202365 18.300323
61.171764 18.310324
61.141179 18.320324
61.110609 18.330324
61.080054 18.340324
61.049514 18.350325
61.018990 18.360325
60.988481 18.370325
60.957987 18.380325
60.927509 18.390326
60.897045 18.400326
60.866597 18.410326
60.836164 18.420326
60.805747 18.430326
60.775344 18.440327
60.744957 18.450327
60.714585 18.460327
60.684228 18.470327
60.653886 18.480328
60.623560 18.490328
60.593249 18.500328
60.562952 18.510328
60.532671 18.520329
60.502405 18.530329
60.472155 18.540329
60.441919 18.550329
60.411698 18.560329
60.381493 18.570330
60.351303 18.580330
60.321127 18.590330
60.290967 18.600330
60.260822 18.610331
60.230692 18.620331
60.200577 18.630331
60.170477 18.640331
60.140392 18.650331
60.110323 18.660332
60.080268 18.670332
60.050228 18.680332
60.020203 18.690332
59.990194 18.700333
59.960199 18.710333
59.930219 18.720333
59.900255 18.730333
59.870305 18.740334
59.840370 18.750334
59.810450 18.760334
59.780545 18.770334
59.750655 18.780334
59.720780 18.790335
59.690920 18.800335
59.661075 18.810335
59.631245 18.820335
59.601430 18.830336
59.571630 18.840336
59.541844 18.850336
59.512073 18.860336
59.482318 18.870337
59.452577 18.880337
59.422851 18.890337
59.393140 18.900337
59.363444 18.910337
59.333762 18.920338
59.304096 18.930338
59.274444 18.940338
59.244807 18.950338
59.215185 18.960339
59.185578 18.970339
59.155985 18.980339
59.126408 18.990339
59.096845 19.000340
59.067297 19.010340
59.037763 19.020340
59.008245 19.030340
58.978741 19.040340
58.949252 19.050341
58.919778 19.060341
58.890318 19.070341
58.860873 19.080341
58.831443 19.090342
58.802028 19.100342
58.772627 19.110342
58.743241 19.120342
58.713870 19.130342
58.684513 19.140343
58.655171 19.150343
58.625844 19.160343
58.596531 19.170343
58.567233 19.180344
58.537950 19.190344
58.508681 19.200344
58.479427 19.210344
58.450188 19.220345
58.420963 19.230345
58.391753 19.240345
58.362557 19.250345
58.333376 19.260345
58.304210 19.270346
58.275058 19.280346
58.245921 19.290346
58.216798 19.300346
58.187690 19.310347
58.158596 19.320347
58.129517 19.330347
58.100453 19.340347
58.071403 19.350348
58.042367 19.360348
58.013347 19.370348
57.984340 19.380348
57.955348 19.390348
57.926371 19.400349
57.897408 19.410349
57.868459 19.420349
57.839525 19.430349
57.810606 19.440350
57.781701 19.450350
57.752810 19.460350
57.723934 19.470350
57.695072 19.480350
57.666225 19.490351
57.637392 19.500351
57.608574 19.510351
57.579770 19.520351
57.550980 19.530352
57.522205 19.540352
57.493444 19.550352
57.464698 19.560352
57.435965 19.570353
57.407248 19.580353
57.378544 19.590353
57.349855 19.600353
57.321181 19.610353
57.292520 19.620354
57.263874 19.630354
57.235243 19.640354
57.206625 19.650354
57.178022 19.660355
57.149433 19.670355
57.120859 19.680355
57.092299 19.690355
57.063753 19.700356
57.035221 19.710356
57.006704 19.720356
56.978200 19.730356
56.949712 19.740356
56.921237 19.750357
56.892777 19.760357
56.864330 19.770357
56.835898 19.780357
56.807481 19.790358
56.779077 19.800358
56.750688 19.810358
56.722313 19.820358
56.693952 19.830359
56.665605 19.840359
56.637272 19.850359
56.608954 19.860359
56.580650 19.870359
56.552360 19.880360
56.524084 19.890360
56.495822 19.900360
56.467574 19.910360
56.439340 19.920361
56.411121 19.930361
56.382916 19.940361
56.354724 19.950361
56.326547 19.960361
56.298384 19.970362
56.270235 19.980362
56.242100 19.990362
56.213979 20.000362
56.185873 20.010363
56.157780 20.020363
56.129701 20.030363
56.101636 20.040363
56.073586 20.050364
56.045549 20.060364
56.017527 20.070364
55.989518 20.080364
55.961523 20.090364
55.933543 20.100365
55.905576 20.110365
55.877624 20.120365
55.849685 20.130365
55.821760 20.140366
55.793850 20.150366
55.765953 20.160366
55.738070 20.170366
55.710201 20.180367
55.682346 20.190367
55.654505 20.200367
55.626678 20.210367
55.598865 20.220367
55.571066 20.230368
55.543280 20.240368
55.515509 20.250368
55.487751 20.260368
55.460008 20.270369
55.432278 20.280369
55.404562 20.290369
55.376860 20.300369
55.349172 20.310369
55.321497 20.320370
55.293837 20.330370
55.266190 20.340370
55.238557 20.350370
55.210938 20.360371
55.183332 20.370371
55.155741 20.380371
55.128163 20.390371
55.100599 20.400372
55.073049 20.410372
55.045513 20.420372
55.017990 20.430372
54.990481 20.440372
54.962986 20.450373
54.935505 20.460373
54.908037 20.470373
54.880583 20.480373
54.853143 20.490374
54.825717 20.500374
54.798304 20.510374
54.770905 20.520374
54.743520 20.530375
54.716148 20.540375
54.688790 20.550375
54.661446 20.560375
54.634115 20.570375
54.606799 20.580376
54.579495 20.590376
54.552206 20.600376
54.524930 20.610376
54.497667 20.620377
54.470419 20.630377
54.443184 20.640377
54.415962 20.650377
54.388754 20.660378
54.361560 20.670378
54.334379 20.680378
54.307212 20.690378
54.280059 20.700378
54.252919 20.710379
54.225793 20.720379
54.198680 20.730379
54.171581 20.740379
54.144495 20.750380
54.117423 20.760380
54.090364 20.770380
54.063319 20.780380
54.036288 20.790380
54.009270 20.800381
53.982265 20.810381
53.955274 20.820381
53.928297 20.830381
53.901333 20.840382
53.874382 20.850382
53.847445 20.860382
53.820522 20.870382
53.793611 20.880383
53.766715 20.890383
53.739831 20.900383
53.712962 20.910383
53.686105 20.920383
53.659262 20.930384
53.632433 20.940384
53.605617 20.950384
53.578814 20.960384
53.552025 20.970385
53.525249 20.980385
53.498486 20.990385
53.471737 21.000385
53.445002 21.010386
53.418279 21.020386
53.391570 21.030386
53.364874 21.040386
53.338192 21.050386
53.311523 21.060387
53.284867 21.070387
53.258225 21.080387
53.231596 21.090387
53.204980 21.100388
53.178378 21.110388
53.151789 21.120388
53.125213 21.130388
53.098651 21.140388
53.072102 21.150389
53.045566 21.160389
53.019043 21.170389
52.992533 21.180389
52.966037 21.190390
52.939554 21.200390
52.913085 21.210390
52.886628 21.220390
52.860185 21.230391
52.833755 21.240391
52.807338 21.250391
52.780935 21.260391
52.754544 21.270391
52.728167 21.280392
52.701803 21.290392
52.675452 21.300392
52.649115 21.310392
52.622790 21.320393
52.596479 21.330393
52.570181 21.340393
52.543896 21.350393
52.517624 21.360394
52.491365 21.370394
52.465120 21.380394
52.438887 21.390394
52.412668 21.400394
52.386462 21.410395
52.360269 21.420395
52.334089 21.430395
52.307922 21.440395
52.281768 21.450396
52.255627 21.460396
52.229499 21.470396
52.203385 21.480396
52.177283 21.490396
52.151194 21.500397
52.125119 21.510397
52.099056 21.520397
52.073007 21.530397
52.046971 21.540398
52.020947 21.550398
51.994937 21.560398
51.968939 21.570398
51.942955 21.580399
51.916984 21.590399
51.891025 21.600399
51.865080 21.610399
51.839147 21.620399
51.813228 21.630400
51.787321 21.640400
51.761428 21.650400
51.735547 21.660400
51.709679 21.670401
51.683825 21.680401
51.657983 21.690401
51.632154 21.700401
51.606338 21.710402
51.580535 21.720402
51.554745 21.730402
51.528967 21.740402
51.503203 21.750402
51.477452 21.760403
51.451713 21.770403
51.425987 21.780403
51.400274 21.790403
51.374574 21.800404
51.348887 21.810404
51.323213 21.820404
51.297551 21.830404
51.271902 21.840405
51.246266 21.850405
51.220643 21.860405
51.195033 21.870405
51.169436 21.880405
51.143851 21.890406
51.118279 21.900406
51.092720 21.910406
51.067174 21.920406
51.041640 21.930407
51.016120 21.940407
50.990612 21.950407
50.965116 21.960407
50.939634 21.970407
50.914164 21.980408
50.888707 21.990408
50.863263 22.000408
50.837831 22.010408
50.812413 22.020409
50.787006 22.030409
50.761613 22.040409
50.736232 22.050409
50.710864 22.060410
50.685509 22.070410
50.660166 22.080410
50.634836 22.090410
50.609519 22.100410
50.584214 22.110411
50.558922 22.120411
50.533643 22.130411
50.508376 22.140411
50.483122 22.150412
50.457880 22.160412
50.432651 22.170412
50.407435 22.180412
50.382231 22.190413
50.357040 22.200413
50.331862 22.210413
50.306696 22.220413
50.281543 22.230413
50.256402 22.240414
50.231274 22.250414
50.206158 22.260414
50.181055 22.270414
50.155965 22.280415
50.130887 22.290415
50.105822 22.300415
50.080769 22.310415
50.055728 22.320415
50.030701 22.330416
50.005685 22.340416
49.980683 22.350416
49.955692 22.360416
49.930715 22.370417
49.905749 22.380417
49.880796 22.390417
49.855856 22.400417
49.830928 22.410418
49.806013 22.420418
49.781110 22.430418
49.756219 22.440418
49.731341 22.450418
49.706476 22.460419
49.681623 22.470419
49.656782 22.480419
49.631953 22.490419
49.607138 22.500420
49.582334 22.510420
49.557543 22.520420
49.532764 22.530420
49.507998 22.540421
49.483244 22.550421
49.458502 22.560421
49.433773 22.570421
49.409056 22.580421
49.384352 22.590422
49.359660 22.600422
49.334980 22.610422
49.310313 22.620422
49.285657 22.630423
49.261015 22.640423
49.236384 22.650423
49.211766 22.660423
49.187160 22.670424
49.162567 22.680424
49.137985 22.690424
49.113417 22.700424
49.088860 22.710424
49.064316 22.720425
49.039783 22.730425
49.015264 22.740425
48.990756 22.750425
48.966261 22.760426
48.941778 22.770426
48.917307 22.780426
48.892848 22.790426
48.868402 22.800426
48.843968 22.810427
48.819546 22.820427
48.795136 22.830427
48.770738 22.840427
48.746353 22.850428
48.721980 22.860428
48.697619 22.870428
48.673270 22.880428
48.648934 22.890429
48.624609 22.900429
48.600297 22.910429
48.575997 22.920429
48.551709 22.930429
48.527433 22.940430
48.503170 22.950430
48.478918 22.960430
48.454679 22.970430
48.430451 22.980431
48.406236 22.990431
48.382033 23.000431
48.357842 23.010431
48.333663 23.020432
48.309496 23.030432
48.285342 23.040432
48.261199 23.050432
48.237069 23.060432
48.212950 23.070433
48.188844 23.080433
48.164749 23.090433
48.140667 23.100433
48.116597 23.110434
48.092538 23.120434
48.068492 23.130434
48.044458 23.140434
48.020436 23.150434
47.996426 23.160435
47.972427 23.170435
47.948441 23.180435
47.924467 23.190435
47.900505 23.200436
47.876555 23.210436
47.852616 23.220436
47.828690 23.230436
47.804776 23.240437
47.780874 23.250437
47.756983 23.260437
47.733105 23.270437
47.709238 23.280437
47.685384 23.290438
47.661541 23.300438
47.637710 23.310438
47.613891 23.320438
47.590084 23.330439
47.566289 23.340439
47.542506 23.350439
47.518735 23.360439
47.494976 23.370440
47.471228 23.380440
47.447493 23.390440
47.423769 23.400440
47.400057 23.410440
47.376357 23.420441
47.352669 23.430441
47.328993 23.440441
47.305328 23.450441
47.281676 23.460442
47.258035 23.470442
47.234406 23.480442
47.210789 23.490442
47.187183 23.500443
47.163590 23.510443
47.140008 23.520443
47.116438 23.530443
47.092880 23.540443
47.069334 23.550444
47.045799 23.560444
47.022276 23.570444
46.998765 23.580444
46.975266 23.590445
46.951778 23.600445
46.928302 23.610445
46.904838 23.620445
46.881386 23.630445
46.857945 23.640446
46.834516 23.650446
46.811099 23.660446
46.787693 23.670446
46.764300 23.680447
46.740917 23.690447
46.717547 23.700447
46.694188 23.710447
46.670841 23.720448
46.647506 23.730448
46.624182 23.740448
46.600870 23.750448
46.577570 23.760448
46.554281 23.770449
46.531004 23.780449
46.507738 23.790449
46.484484 23.800449
46.461242 23.810450
46.438012 23.820450
46.414793 23.830450
46.391585 23.840450
46.368390 23.850451
46.345205 23.860451
46.322033 23.870451
46.298872 23.880451
46.275722 23.890451
46.252585 23.900452
46.229458 23.910452
46.206344 23.920452
46.183241 23.930452
46.160149 23.940453
46.137069 23.950453
46.114000 23.960453
46.090943 23.970453
46.067898 23.980453
46.044864 23.990454
46.021842 24.000454
45.998831 24.010454
45.975831 24.020454
45.952844 24.030455
45.929867 24.040455
45.906902 24.050455
45.883949 24.060455
45.861007 24.070456
45.838076 24.080456
45.815157 24.090456
45.792250 24.100456
45.769354 24.110456
45.746469 24.120457
45.723596 24.130457
45.700734 24.140457
45.677884 24.150457
45.655045 24.160458
45.632217 24.170458
45.609401 24.180458
45.586597 24.190458
45.563803 24.200459
45.541021 24.210459
45.518251 24.220459
45.495492 24.230459
45.472744 24.240459
45.450008 24.250460
45.427283 24.260460
45.404569 24.270460
45.381867 24.280460
45.359176 24.290461
45.336497 24.300461
45.313828 24.310461
45.291171 24.320461
45.268526 24.330462
45.245892 24.340462
45.223269 24.350462
45.200657 24.360462
45.178057 24.370462
45.155468 24.380463
45.132890 24.390463
45.110324 24.400463
45.087769 24.410463
45.065225 24.420464
45.042692 24.430464
45.020171 24.440464
44.997661 24.450464
44.975162 24.460464
44.952674 24.470465
44.930198 24.480465
44.907733 24.490465
44.885279 24.500465
44.862837 24.510466
44.840405 24.520466
44.817985 24.530466
44.795576 24.540466
44.773178 24.550467
44.750792 24.560467
44.728416 24.570467
44.706052 24.580467
44.683699 24.590467
44.661357 24.600468
44.639027 24.610468
44.616707 24.620468
44.594399 24.630468
44.572102 24.640469
44.549816 24.650469
44.527541 24.660469
44.505277 24.670469
44.483024 24.680470
44.460783 24.690470
44.438552 24.700470
44.416333 24.710470
44.394125 24.720470
44.371928 24.730471
44.349742 24.740471
44.327567 24.750471
44.305403 24.760471
44.283251 24.770472
44.261109 24.780472
44.238979 24.790472
44.216859 24.800472
44.194751 24.810472
44.172653 24.820473
44.150567 24.830473
44.128492 24.840473
44.106428 24.850473
44.084374 24.860474
44.062332 24.870474
44.040301 24.880474
44.018281 24.890474
43.996272 24.900475
43.974274 24.910475
43.952287 24.920475
43.930311 24.930475
43.908345 24.940475
43.886391 24.950476
43.864448 24.960476
43.842516 24.970476
43.820595 24.980476
43.798684 24.990477
