50.000000 20.000000
49.950000 20.190000
49.899101 20.381603
49.847298 20.574817
49.794585 20.769649
49.740958 20.966108
49.686412 21.164200
49.630941 21.363932
49.574540 21.565313
49.517206 21.768348
49.458932 21.973045
49.399715 22.179412
49.339549 22.387453
49.278430 22.597177
49.216353 22.808589
49.153314 23.021696
49.089308 23.236503
49.024331 23.453018
48.958378 23.671245
48.891446 23.891191
48.823530 24.112860
48.754626 24.336258
48.684730 24.561391
48.613838 24.788264
48.541947 25.016880
48.469052 25.247245
48.395150 25.479364
48.320238 25.713239
48.244311 25.948877
48.167367 26.186279
48.089402 26.425451
48.010412 26.666395
47.930396 26.909115
47.849350 27.153613
47.767271 27.399893
47.684157 27.647957
47.600004 27.897807
47.514811 28.149445
47.428574 28.402873
47.341292 28.658093
47.252962 28.915107
47.163582 29.173914
47.073151 29.434516
46.981667 29.696914
46.889128 29.961108
46.795532 30.227097
46.700878 30.494882
46.605165 30.764462
46.508392 31.035837
46.410558 31.309004
46.311661 31.583963
46.211702 31.860712
46.110680 32.139250
46.008595 32.419572
45.905445 32.701678
45.801232 32.985565
45.695956 33.271228
45.589616 33.558664
45.482212 33.847870
45.373747 34.138841
45.264220 34.431573
45.153633 34.726061
45.041985 35.022300
44.929280 35.320283
44.815518 35.620006
44.700700 35.921462
44.584830 36.224644
44.467908 36.529546
44.349936 36.836160
44.230918 37.144478
44.110855 37.454492
43.989751 37.766195
43.867609 38.079577
43.744430 38.394629
43.620219 38.711342
43.494980 39.029706
43.368715 39.349710
43.241429 39.671345
43.113126 39.994598
42.983810 40.319459
42.853486 40.645916
42.722157 40.973957
42.589830 41.303569
42.456508 41.634740
42.322198 41.967456
42.186905 42.301703
42.050634 42.637468
41.913392 42.974736
41.775183 43.313492
41.636016 43.653721
41.495895 43.995407
41.354828 44.338535
41.212821 44.683088
41.069883 45.029050
40.926019 45.376403
40.781237 45.725130
40.635546 46.075213
40.488952 46.426634
40.341465 46.779373
40.193091 47.133413
40.043840 47.488734
39.893721 47.845316
39.742742 48.203139
39.590912 48.562182
39.438241 48.922426
39.284738 49.283847
39.130412 49.646426
38.975274 50.010140
38.819334 50.374966
38.662601 50.740883
38.505086 51.107868
38.346800 51.475897
38.187753 51.844946
38.027957 52.214992
37.867422 52.586010
37.706159 52.957976
37.544181 53.330866
37.381499 53.704653
37.218125 54.079313
37.054070 54.454819
36.889346 54.831146
36.723967 55.208268
36.557945 55.586157
36.391291 55.964787
36.224019 56.344131
36.056142 56.724161
35.887673 57.104850
35.718624 57.486169
35.549010 57.868092
35.378844 58.250588
35.208139 58.633631
35.036909 59.017190
34.865168 59.401237
34.692930 59.785744
34.520208 60.170679
34.347018 60.556015
34.173373 60.941720
33.999288 61.327766
33.824778 61.714123
33.649856 62.100759
33.474537 62.487645
33.298838 62.874750
33.122771 63.262044
32.946352 63.649495
32.769597 64.037074
32.592519 64.424750
32.415135 64.812490
32.237460 65.200265
32.059508 65.588043
31.881296 65.975793
31.702838 66.363484
31.524149 66.751085
31.345246 67.138563
31.166144 67.525889
30.986858 67.913030
30.807404 68.299956
30.627797 68.686635
30.448053 69.073036
30.268187 69.459127
30.088215 69.844878
29.908152 70.230257
29.728015 70.615233
29.547818 70.999776
29.367577 71.383854
29.187307 71.767436
29.007025 72.150492
28.826745 72.532991
28.646482 72.914902
28.466253 73.296196
28.286073 73.676841
28.105956 74.056809
27.925918 74.436068
27.745974 74.814589
27.566140 75.192342
27.386430 75.569298
27.206859 75.945428
27.027442 76.320703
26.848194 76.695093
26.669130 77.068571
26.490264 77.441107
26.311611 77.812673
26.133185 78.183242
25.955000 78.552786
25.777071 78.921277
25.599413 79.288688
25.422038 79.654993
25.244960 80.020164
25.068195 80.384175
24.891754 80.747000
24.715653 81.108613
24.539903 81.468990
24.364519 81.828103
24.189513 82.185930
24.014899 82.542444
23.840689 82.897623
23.666896 83.251441
23.493533 83.603876
23.320611 83.954904
23.148144 84.304503
22.976143 84.652649
22.804620 84.999321
22.633587 85.344497
22.463055 85.688155
22.293036 86.030274
22.123542 86.370834
21.954582 86.709815
21.786169 87.047195
21.618313 87.382957
21.451024 87.717080
21.284313 88.049545
21.118190 88.380335
20.952665 88.709432
20.787747 89.036817
20.623448 89.362473
20.459775 89.686385
20.296738 90.008534
20.134347 90.328906
19.972610 90.647484
19.811536 90.964254
19.651134 91.279200
19.491411 91.592308
19.332376 91.903565
19.174037 92.212956
19.016401 92.520468
18.859477 92.826089
18.703271 93.129806
18.547791 93.431608
18.393044 93.731482
18.239037 94.029418
18.085775 94.325404
17.933266 94.619431
17.781516 94.911489
17.630530 95.201567
17.480315 95.489657
17.330877 95.775750
17.182220 96.059838
17.034350 96.341912
16.887272 96.621965
16.740991 96.899991
16.595512 97.175981
16.450839 97.449930
16.306977 97.721832
16.163929 97.991680
16.021700 98.259470
15.880293 98.525197
15.739712 98.788857
15.599961 99.050444
15.461043 99.309955
15.322960 99.567387
15.185717 99.822737
15.049314 100.076002
14.913756 100.327179
14.779044 100.576266
14.645181 100.823262
14.512169 101.068166
14.380009 101.310975
14.248704 101.551690
14.118255 101.790310
13.988663 102.026836
13.859930 102.261266
13.732056 102.493602
13.605044 102.723845
13.478892 102.951995
13.353603 103.178055
13.229177 103.402026
13.105614 103.623910
12.982914 103.843709
12.861078 104.061426
12.740104 104.277063
12.619994 104.490625
12.500747 104.702114
12.382363 104.911534
12.264840 105.118888
12.148178 105.324182
12.032376 105.527420
11.917434 105.728605
11.803350 105.927743
11.690123 106.124840
11.577752 106.319900
11.466236 106.512929
11.355572 106.703933
11.245759 106.892918
11.136795 107.079890
11.028679 107.264855
10.921409 107.447821
10.814982 107.628793
10.709397 107.807780
10.604651 107.984787
10.500741 108.159823
10.397666 108.332894
10.295423 108.504010
10.194009 108.673177
10.093421 108.840403
9.993658 109.005697
9.894715 109.169068
9.796590 109.330523
9.699280 109.490071
9.602782 109.647720
9.507092 109.803481
9.412208 109.957362
9.318126 110.109371
9.224843 110.259519
9.132355 110.407815
9.040659 110.554268
8.949751 110.698887
8.859628 110.841683
8.770286 110.982666
8.681722 111.121844
8.593930 111.259229
8.506909 111.394830
8.420653 111.528658
8.335160 111.660723
8.250424 111.791034
8.166442 111.919603
8.083210 112.046441
8.000723 112.171556
7.918979 112.294961
7.837972 112.416666
7.757698 112.536681
7.678153 112.655018
7.599333 112.771687
7.521233 112.886699
7.443850 113.000065
7.367178 113.111796
7.291214 113.221903
7.215952 113.330398
7.141390 113.437290
7.067521 113.542591
6.994342 113.646313
6.921848 113.748466
6.850035 113.849061
6.778898 113.948111
6.708433 114.045625
6.638635 114.141616
6.569499 114.236094
6.501021 114.329071
6.433196 114.420557
6.366021 114.510565
6.299489 114.599105
6.233597 114.686189
6.168340 114.771827
6.103713 114.856032
6.039712 114.938813
5.976332 115.020183
5.913568 115.100153
5.851417 115.178733
5.789872 115.255936
5.728930 115.331771
5.668586 115.406251
5.608836 115.479386
5.549674 115.551187
5.491097 115.621666
5.433099 115.690833
5.375676 115.758699
5.318824 115.825276
5.262537 115.890575
5.206812 115.954605
5.151643 116.017378
5.097027 116.078906
5.042958 116.139198
4.989433 116.198265
4.936446 116.256119
4.883993 116.312769
4.832070 116.368227
4.780672 116.422503
4.729795 116.475607
4.679434 116.527550
4.629585 116.578343
4.580244 116.627996
4.531406 116.676519
4.483066 116.723922
4.435221 116.770216
4.387866 116.815412
4.340997 116.859518
4.294609 116.902546
4.248699 116.944505
4.203261 116.985405
4.158293 117.025256
4.113788 117.064068
4.069744 117.101852
4.026157 117.138616
3.983021 117.174370
3.940333 117.209125
3.898089 117.242889
3.856285 117.275672
3.814917 117.307484
3.773980 117.338334
3.733470 117.368231
3.693385 117.397185
3.653719 117.425205
3.614469 117.452300
3.575630 117.478479
3.537200 117.503752
3.499174 117.528127
3.461548 117.551613
3.424318 117.574220
3.387482 117.595955
3.351034 117.616828
3.314971 117.636847
3.279290 117.656021
3.243986 117.674359
3.209057 117.691868
3.174498 117.708558
3.140306 117.724437
3.106477 117.739513
3.073008 117.753794
3.039895 117.767289
3.007135 117.780005
2.974724 117.791951
2.942659 117.803135
2.910936 117.813565
2.879552 117.823247
2.848504 117.832191
2.817788 117.840404
2.787401 117.847894
2.757339 117.854668
2.727600 117.860734
2.698180 117.866099
2.669076 117.870770
2.640284 117.874756
2.611802 117.878063
2.583627 117.880699
2.555754 117.882671
2.528182 117.883985
2.500907 117.884650
2.473926 117.884671
2.447236 117.884056
2.420834 117.882812
2.394718 117.880946
2.368883 117.878464
2.343328 117.875373
2.318050 117.871679
2.293044 117.867390
2.268310 117.862511
2.243843 117.857050
2.219642 117.851012
2.195703 117.844403
2.172023 117.837231
2.148601 117.829502
2.125433 117.821221
2.102516 117.812394
2.079848 117.803029
2.057427 117.793130
2.035249 117.782703
2.013313 117.771755
1.991615 117.760292
1.970153 117.748318
1.948925 117.735841
1.927928 117.722864
1.907160 117.709395
1.886618 117.695439
1.866300 117.681000
1.846204 117.666085
1.826326 117.650699
1.806666 117.634848
1.787220 117.618536
1.767986 117.601768
1.748962 117.584551
1.730146 117.566889
1.711535 117.548787
1.693128 117.530251
1.674922 117.511284
1.656914 117.491893
1.639104 117.472082
1.621488 117.451856
1.604065 117.431219
1.586832 117.410177
1.569788 117.388734
1.552930 117.366895
1.536257 117.344664
1.519766 117.322046
1.503456 117.299045
1.487324 117.275666
1.471368 117.251914
1.455588 117.227792
1.439980 117.203305
1.424543 117.178458
1.409275 117.153254
1.394174 117.127697
1.379238 117.101793
1.364466 117.075544
1.349856 117.048955
1.335406 117.022031
1.321114 116.994774
1.306979 116.967189
1.292999 116.939280
1.279172 116.911051
1.265496 116.882506
1.251970 116.853647
1.238592 116.824480
1.225361 116.795007
1.212275 116.765233
1.199332 116.735161
1.186531 116.704794
1.173870 116.674136
1.161348 116.643191
1.148963 116.611962
1.136713 116.580453
1.124598 116.548666
1.112616 116.516606
1.100765 116.484275
1.089043 116.451678
1.077450 116.418816
1.065984 116.385694
1.054644 116.352314
1.043427 116.318680
1.032334 116.284794
1.021361 116.250661
1.010509 116.216282
0.999776 116.181662
0.989160 116.146802
0.978661 116.111706
0.968276 116.076377
0.958005 116.040818
0.947846 116.005031
0.937798 115.969019
0.927861 115.932786
0.918032 115.896334
0.908310 115.859665
0.898695 115.822782
0.889184 115.785689
0.879778 115.748387
0.870475 115.710879
0.861273 115.673168
0.852171 115.635257
0.843169 115.597148
0.834266 115.558843
0.825459 115.520345
0.816749 115.481656
0.808134 115.442779
0.799613 115.403716
0.791185 115.364470
0.782848 115.325043
0.774603 115.285437
0.766447 115.245654
0.758381 115.205697
0.750402 115.165568
0.742511 115.125270
0.734705 115.084803
0.726984 115.044172
0.719348 115.003376
0.711794 114.962420
0.704323 114.921305
0.696933 114.880033
0.689624 114.838605
0.682394 114.797025
0.675243 114.755294
0.668169 114.713414
0.661173 114.671387
0.654252 114.629215
0.647407 114.586899
0.640636 114.544443
0.633938 114.501847
0.627313 114.459113
0.620761 114.416244
0.614279 114.373241
0.607867 114.330106
0.601525 114.286840
0.595252 114.243446
0.589047 114.199925
0.582909 114.156279
0.576838 114.112509
0.570832 114.068618
0.564892 114.024607
0.559016 113.980477
0.553203 113.936230
0.547453 113.891868
0.541766 113.847392
0.536139 113.802804
0.530574 113.758105
0.525069 113.713298
0.519623 113.668382
0.514236 113.623361
0.508908 113.578235
0.503637 113.533006
0.498422 113.487676
0.493264 113.442245
0.488162 113.396715
0.483114 113.351088
0.478121 113.305365
0.473182 113.259547
0.468296 113.213635
0.463463 113.167632
0.458681 113.121538
0.453951 113.075355
0.449272 113.029083
0.444643 112.982725
0.440064 112.936281
0.435534 112.889753
0.431053 112.843141
0.426620 112.796448
0.422235 112.749674
0.417896 112.702820
0.413604 112.655889
0.409358 112.608880
0.405158 112.561795
0.401003 112.514635
0.396892 112.467401
0.392825 112.420095
0.388802 112.372717
0.384821 112.325269
0.380884 112.277751
0.376988 112.230166
0.373134 112.182512
0.369321 112.134793
0.365549 112.087008
0.361817 112.039159
0.358125 111.991247
0.354473 111.943273
0.350859 111.895238
0.347284 111.847142
0.343747 111.798987
0.340248 111.750774
0.336786 111.702503
0.333361 111.654175
0.329972 111.605793
0.326619 111.557355
0.323302 111.508864
0.320020 111.460320
0.316773 111.411723
0.313561 111.363076
0.310383 111.314378
0.307238 111.265631
0.304127 111.216835
0.301048 111.167992
0.298003 111.119101
0.294989 111.070164
0.292008 111.021182
0.289058 110.972155
0.286139 110.923085
0.283252 110.873971
0.280394 110.824815
0.277567 110.775618
0.274770 110.726379
0.272002 110.677101
0.269264 110.627783
0.266554 110.578427
0.263873 110.529033
0.261221 110.479601
0.258596 110.430134
0.255999 110.380630
0.253429 110.331091
0.250886 110.281518
0.248371 110.231911
0.245881 110.182270
0.243418 110.132597
0.240980 110.082893
0.238569 110.033157
0.236182 109.983390
0.233821 109.933594
0.231484 109.883768
0.229172 109.833914
0.226884 109.784031
0.224620 109.734120
0.222380 109.684183
0.220163 109.634219
0.217969 109.584230
0.215799 109.534215
0.213651 109.484175
0.211525 109.434111
0.209422 109.384024
0.207341 109.333913
0.205281 109.283780
0.203243 109.233625
0.201226 109.183448
0.199230 109.133251
0.197255 109.083033
0.195301 109.032795
0.193367 108.982537
0.191453 108.932261
0.189559 108.881966
0.187684 108.831652
0.185829 108.781322
0.183994 108.730974
0.182177 108.680610
0.180379 108.630229
0.178600 108.579833
0.176840 108.529422
0.175097 108.478995
0.173373 108.428555
0.171666 108.378100
0.169978 108.327632
0.168306 108.277151
0.166652 108.226657
0.165015 108.176151
0.163395 108.125633
0.161792 108.075104
0.160205 108.024563
0.158635 107.974012
0.157080 107.923451
0.155542 107.872880
0.154020 107.822299
0.152513 107.771709
0.151022 107.721111
0.149546 107.670504
0.148086 107.619889
0.146640 107.569266
0.145209 107.518637
0.143793 107.468000
0.142392 107.417357
0.141005 107.366707
0.139632 107.316051
0.138273 107.265390
0.136928 107.214724
0.135597 107.164053
0.134279 107.113377
0.132975 107.062697
0.131685 107.012013
0.130407 106.961325
0.129143 106.910634
0.127891 106.859940
0.126652 106.809244
0.125426 106.758545
0.124213 106.707843
0.123011 106.657140
0.121822 106.606436
0.120646 106.555730
0.119481 106.505023
0.118328 106.454316
0.117186 106.403608
0.116057 106.352900
0.114938 106.302192
0.113831 106.251485
0.112736 106.200778
0.111651 106.150072
0.110578 106.099367
0.109515 106.048664
0.108463 105.997962
0.107422 105.947263
0.106391 105.896565
0.105371 105.845870
0.104361 105.795178
0.103361 105.744489
0.102372 105.693802
0.101392 105.643120
0.100422 105.592440
0.099462 105.541765
0.098512 105.491093
0.097571 105.440426
0.096640 105.389764
0.095718 105.339106
0.094806 105.288453
0.093902 105.237805
0.093008 105.187163
0.092123 105.136526
0.091246 105.085894
0.090379 105.035269
0.089520 104.984650
0.088669 104.934037
0.087828 104.883431
0.086994 104.832832
0.086169 104.782240
0.085353 104.731654
0.084544 104.681076
0.083744 104.630506
0.082951 104.579943
0.082167 104.529388
0.081390 104.478841
0.080621 104.428302
0.079860 104.377772
0.079106 104.327250
0.078360 104.276737
0.077621 104.226233
0.076890 104.175738
0.076165 104.125252
0.075449 104.074776
0.074739 104.024309
0.074036 103.973851
0.073340 103.923404
0.072651 103.872967
0.071969 103.822540
0.071294 103.772123
0.070626 103.721716
0.069964 103.671321
0.069308 103.620935
0.068660 103.570561
0.068017 103.520198
0.067381 103.469846
0.066751 103.419506
0.066128 103.369177
0.065510 103.318859
0.064899 103.268554
0.064294 103.218260
0.063694 103.167978
0.063101 103.117708
0.062513 103.067451
0.061931 103.017206
0.061355 102.966973
0.060785 102.916753
0.060220 102.866546
0.059661 102.816351
0.059107 102.766170
0.058559 102.716002
0.058016 102.665847
0.057478 102.615705
0.056946 102.565577
0.056419 102.515462
0.055897 102.465361
0.055380 102.415274
0.054868 102.365201
0.054361 102.315142
0.053860 102.265096
0.053363 102.215065
0.052871 102.165049
0.052383 102.115047
0.051901 102.065059
0.051423 102.015086
0.050950 101.965127
0.050481 101.915184
0.050017 101.865255
0.049558 101.815342
0.049103 101.765443
0.048652 101.715560
0.048206 101.665692
0.047764 101.615839
0.047326 101.566002
0.046893 101.516180
0.046464 101.466374
0.046039 101.416584
0.045618 101.366809
0.045201 101.317051
0.044789 101.267308
0.044380 101.217582
0.043975 101.167871
0.043574 101.118177
0.043177 101.068499
0.042784 101.018838
0.042394 100.969193
0.042009 100.919564
0.041627 100.869952
0.041248 100.820357
0.040874 100.770779
0.040503 100.721217
0.040135 100.671673
0.039771 100.622145
0.039411 100.572634
0.039054 100.523141
0.038701 100.473664
0.038350 100.424205
0.038004 100.374763
0.037660 100.325339
0.037320 100.275932
0.036983 100.226542
0.036649 100.177170
0.036319 100.127816
0.035992 100.078479
0.035667 100.029160
0.035346 99.979859
0.035028 99.930576
0.034713 99.881311
0.034401 99.832064
0.034092 99.782835
0.033786 99.733624
0.033483 99.684431
0.033183 99.635256
0.032885 99.586100
0.032591 99.536962
0.032299 99.487842
0.032010 99.438741
0.031723 99.389658
0.031440 99.340594
0.031159 99.291548
0.030881 99.242521
0.030605 99.193513
0.030332 99.144523
0.030062 99.095552
0.029794 99.046600
0.029529 98.997667
0.029266 98.948753
0.029006 98.899858
0.028748 98.850982
0.028492 98.802125
0.028239 98.753286
0.027989 98.704468
0.027740 98.655668
0.027494 98.606887
0.027251 98.558126
0.027009 98.509384
0.026770 98.460662
0.026534 98.411959
0.026299 98.363275
0.026067 98.314611
0.025836 98.265966
0.025608 98.217341
0.025382 98.168735
0.025159 98.120149
0.024937 98.071583
0.024717 98.023036
0.024500 97.974509
0.024284 97.926002
0.024071 97.877514
0.023859 97.829047
0.023650 97.780599
0.023442 97.732171
0.023236 97.683763
0.023033 97.635376
0.022831 97.587008
0.022631 97.538660
0.022433 97.490332
0.022236 97.442024
0.022042 97.393736
0.021849 97.345469
0.021659 97.297222
0.021469 97.248994
0.021282 97.200788
0.021097 97.152601
0.020913 97.104434
0.020731 97.056288
0.020550 97.008163
0.020371 96.960057
0.020194 96.911972
0.020019 96.863908
0.019845 96.815864
0.019672 96.767840
0.019502 96.719837
0.019333 96.671854
0.019165 96.623892
0.018999 96.575950
0.018835 96.528029
0.018672 96.480129
0.018510 96.432249
0.018350 96.384390
0.018192 96.336552
0.018035 96.288734
0.017879 96.240937
0.017725 96.193160
0.017572 96.145405
0.017421 96.097670
0.017271 96.049956
0.017122 96.002263
0.016975 95.954590
0.016829 95.906939
0.016684 95.859308
0.016541 95.811698
0.016399 95.764110
0.016258 95.716542
0.016119 95.668995
0.015981 95.621468
0.015844 95.573963
0.015709 95.526479
0.015574 95.479016
0.015441 95.431574
0.015309 95.384153
0.015178 95.336753
0.015049 95.289374
0.014921 95.242016
0.014793 95.194679
0.014667 95.147364
0.014542 95.100069
0.014419 95.052796
0.014296 95.005543
0.014175 94.958312
0.014054 94.911102
0.013935 94.863913
0.013817 94.816746
0.013699 94.769599
0.013583 94.722474
0.013468 94.675370
0.013354 94.628288
0.013241 94.581226
0.013129 94.534186
0.013018 94.487167
0.012908 94.440170
0.012799 94.393194
0.012691 94.346239
0.012584 94.299305
0.012478 94.252393
0.012373 94.205502
0.012269 94.158632
0.012165 94.111784
0.012063 94.064957
0.011962 94.018151
0.011861 93.971367
0.011762 93.924604
0.011663 93.877863
0.011565 93.831143
0.011468 93.784444
0.011372 93.737767
0.011277 93.691112
0.011182 93.644477
0.011089 93.597865
0.010996 93.551273
0.010904 93.504703
0.010813 93.458155
0.010723 93.411628
0.010634 93.365123
0.010545 93.318639
0.010457 93.272176
0.010370 93.225735
0.010284 93.179315
0.010198 93.132917
0.010113 93.086541
0.010029 93.040186
0.009946 92.993853
0.009863 92.947541
0.009782 92.901250
0.009701 92.854981
0.009620 92.808734
0.009541 92.762508
0.009462 92.716304
0.009383 92.670121
0.009306 92.623960
0.009229 92.577820
0.009153 92.531702
0.009077 92.485606
0.009002 92.439531
0.008928 92.393478
0.008854 92.347446
0.008782 92.301436
0.008709 92.255447
0.008638 92.209480
0.008567 92.163535
0.008496 92.117611
0.008426 92.071709
0.008357 92.025828
0.008289 91.979969
0.008221 91.934131
0.008153 91.888315
0.008087 91.842521
0.008021 91.796748
0.007955 91.750997
0.007890 91.705268
0.007825 91.659560
0.007761 91.613873
0.007698 91.568209
0.007635 91.522566
0.007573 91.476944
0.007511 91.431344
0.007450 91.385766
0.007390 91.340209
0.007330 91.294674
0.007270 91.249160
0.007211 91.203669
0.007152 91.158198
0.007094 91.112750
0.007037 91.067322
0.006980 91.021917
0.006923 90.976533
0.006867 90.931171
0.006811 90.885830
0.006756 90.840511
0.006702 90.795213
0.006648 90.749938
0.006594 90.704683
0.006541 90.659451
0.006488 90.614239
0.006436 90.569050
0.006384 90.523882
0.006332 90.478736
0.006281 90.433611
0.006231 90.388508
0.006181 90.343426
0.006131 90.298366
0.006082 90.253328
0.006033 90.208311
0.005985 90.163315
0.005937 90.118342
0.005889 90.073389
0.005842 90.028459
0.005795 89.983550
0.005749 89.938662
0.005703 89.893796
0.005657 89.848952
0.005612 89.804129
0.005567 89.759328
0.005523 89.714548
0.005479 89.669790
0.005435 89.625053
0.005392 89.580338
0.005349 89.535645
0.005307 89.490973
0.005264 89.446322
0.005223 89.401693
0.005181 89.357086
0.005140 89.312500
0.005099 89.267935
0.005059 89.223392
0.005019 89.178871
0.004979 89.134371
0.004940 89.089893
0.004901 89.045436
0.004862 89.001000
0.004823 88.956586
0.004785 88.912194
0.004748 88.867823
0.004710 88.823473
0.004673 88.779145
0.004636 88.734839
0.004600 88.690554
0.004563 88.646290
0.004528 88.602048
0.004492 88.557827
0.004457 88.513627
0.004422 88.469450
0.004387 88.425293
0.004353 88.381158
0.004319 88.337044
0.004285 88.292952
0.004251 88.248881
0.004218 88.204832
0.004185 88.160804
0.004152 88.116797
0.004120 88.072812
0.004088 88.028848
0.004056 87.984906
0.004024 87.940985
0.003993 87.897085
0.003962 87.853207
0.003931 87.809350
0.003900 87.765514
0.003870 87.721700
0.003840 87.677907
0.003810 87.634135
0.003780 87.590385
0.003751 87.546656
0.003722 87.502948
0.003693 87.459262
0.003664 87.415597
0.003636 87.371953
0.003608 87.328331
0.003580 87.284730
0.003552 87.241150
0.003525 87.197591
0.003498 87.154054
0.003471 87.110538
0.003444 87.067043
0.003417 87.023569
0.003391 86.980117
0.003365 86.936686
0.003339 86.893276
0.003313 86.849888
0.003288 86.806520
0.003263 86.763174
0.003238 86.719849
0.003213 86.676545
0.003188 86.633263
0.003164 86.590001
0.003140 86.546761
0.003116 86.503542
0.003092 86.460344
0.003068 86.417167
0.003045 86.374012
0.003021 86.330878
0.002998 86.287764
0.002975 86.244672
0.002953 86.201601
0.002930 86.158551
0.002908 86.115522
0.002886 86.072515
0.002864 86.029528
0.002842 85.986563
0.002820 85.943618
0.002799 85.900695
0.002778 85.857793
0.002757 85.814911
0.002736 85.772051
0.002715 85.729212
0.002695 85.686394
0.002674 85.643597
0.002654 85.600821
0.002634 85.558066
0.002614 85.515332
0.002594 85.472619
0.002575 85.429927
0.002555 85.387256
0.002536 85.344606
0.002517 85.301977
0.002498 85.259369
0.002479 85.216782
0.002460 85.174216
0.002442 85.131671
0.002424 85.089147
0.002405 85.046643
0.002387 85.004161
0.002369 84.961699
0.002352 84.919259
0.002334 84.876839
0.002317 84.834440
0.002299 84.792062
0.002282 84.749705
0.002265 84.707369
0.002248 84.665054
0.002231 84.622759
0.002215 84.580486
0.002198 84.538233
0.002182 84.496001
0.002165 84.453790
0.002149 84.411600
0.002133 84.369430
0.002118 84.327281
0.002102 84.285153
0.002086 84.243046
0.002071 84.200960
0.002055 84.158894
0.002040 84.116850
0.002025 84.074825
0.002010 84.032822
0.001995 83.990839
0.001980 83.948878
0.001966 83.906936
0.001951 83.865016
0.001937 83.823116
0.001922 83.781237
0.001908 83.739379
0.001894 83.697541
0.001880 83.655724
0.001866 83.613927
0.001853 83.572152
0.001839 83.530397
0.001825 83.488662
0.001812 83.446948
0.001799 83.405255
0.001786 83.363582
0.001772 83.321930
0.001759 83.280299
0.001747 83.238688
0.001734 83.197098
0.001721 83.155528
0.001708 83.113979
0.001696 83.072450
0.001684 83.030942
0.001671 82.989455
0.001659 82.947988
0.001647 82.906541
0.001635 82.865115
0.001623 82.823710
0.001611 82.782325
0.001600 82.740960
0.001588 82.699616
0.001576 82.658293
0.001565 82.616990
0.001554 82.575707
0.001542 82.534445
0.001531 82.493203
0.001520 82.451982
0.001509 82.410781
0.001498 82.369600
0.001487 82.328440
0.001476 82.287301
0.001466 82.246181
0.001455 82.205082
0.001445 82.164004
0.001434 82.122945
0.001424 82.081907
0.001414 82.040890
0.001403 81.999893
0.001393 81.958916
0.001383 81.917959
0.001373 81.877023
0.001363 81.836107
0.001354 81.795211
0.001344 81.754336
0.001334 81.713480
0.001325 81.672645
0.001315 81.631831
0.001306 81.591036
0.001297 81.550262
0.001287 81.509508
0.001278 81.468774
0.001269 81.428061
0.001260 81.387367
0.001251 81.346694
0.001242 81.306041
0.001233 81.265408
0.001224 81.224796
0.001216 81.184203
0.001207 81.143631
0.001198 81.103079
0.001190 81.062547
0.001181 81.022035
0.001173 80.981543
0.001165 80.941071
0.001156 80.900619
0.001148 80.860188
0.001140 80.819776
0.001132 80.779385
0.001124 80.739013
0.001116 80.698662
0.001108 80.658331
0.001100 80.618019
0.001092 80.577728
0.001085 80.537457
0.001077 80.497206
0.001070 80.456974
0.001062 80.416763
0.001055 80.376572
0.001047 80.336400
0.001040 80.296249
0.001032 80.256118
0.001025 80.216006
0.001018 80.175914
0.001011 80.135843
0.001004 80.095791
0.000997 80.055759
0.000990 80.015747
0.000983 79.975755
0.000976 79.935783
0.000969 79.895831
0.000962 79.855899
0.000956 79.815986
0.000949 79.776093
0.000942 79.736220
0.000936 79.696367
0.000929 79.656534
0.000923 79.616720
0.000916 79.576927
0.000910 79.537153
0.000904 79.497399
0.000897 79.457664
0.000891 79.417950
0.000885 79.378255
0.000879 79.338580
0.000873 79.298925
0.000867 79.259289
0.000861 79.219673
0.000855 79.180077
0.000849 79.140500
0.000843 79.100944
0.000837 79.061406
0.000831 79.021889
0.000826 78.982391
0.000820 78.942913
0.000814 78.903455
0.000809 78.864016
0.000803 78.824596
0.000797 78.785197
0.000792 78.745817
0.000787 78.706456
0.000781 78.667115
0.000776 78.627794
0.000770 78.588493
0.000765 78.549210
0.000760 78.509948
0.000755 78.470705
0.000750 78.431481
0.000744 78.392277
0.000739 78.353093
0.000734 78.313928
0.000729 78.274782
0.000724 78.235656
0.000719 78.196550
0.000714 78.157463
0.000710 78.118395
0.000705 78.079347
0.000700 78.040319
0.000695 78.001309
0.000690 77.962320
0.000686 77.923349
0.000681 77.884398
0.000676 77.845467
0.000672 77.806554
0.000667 77.767662
0.000663 77.728788
0.000658 77.689934
0.000654 77.651099
0.000649 77.612284
0.000645 77.573488
0.000641 77.534711
0.000636 77.495954
0.000632 77.457216
0.000628 77.418497
0.000624 77.379797
0.000619 77.341117
0.000615 77.302456
0.000611 77.263814
0.000607 77.225192
0.000603 77.186589
0.000599 77.148005
0.000595 77.109440
0.000591 77.070894
0.000587 77.032368
0.000583 76.993861
0.000579 76.955373
0.000575 76.916904
0.000571 76.878454
0.000567 76.840024
0.000564 76.801613
0.000560 76.763221
0.000556 76.724848
0.000552 76.686494
0.000549 76.648159
0.000545 76.609843
0.000541 76.571547
0.000538 76.533269
0.000534 76.495011
0.000531 76.456771
0.000527 76.418551
0.000524 76.380350
0.000520 76.342168
0.000517 76.304005
0.000513 76.265861
0.000510 76.227735
0.000507 76.189629
0.000503 76.151542
0.000500 76.113474
0.000497 76.075425
0.000493 76.037395
0.000490 75.999384
0.000487 75.961391
0.000484 75.923418
0.000480 75.885464
0.000477 75.847528
0.000474 75.809612
0.000471 75.771714
0.000468 75.733835
0.000465 75.695976
0.000462 75.658135
0.000459 75.620313
0.000456 75.582509
0.000453 75.544725
0.000450 75.506959
0.000447 75.469213
0.000444 75.431485
0.000441 75.393776
0.000438 75.356086
0.000435 75.318414
0.000432 75.280762
0.000430 75.243128
0.000427 75.205513
0.000424 75.167916
0.000421 75.130339
0.000418 75.092780
0.000416 75.055240
0.000413 75.017718
0.000410 74.980216
0.000408 74.942732
0.000405 74.905267
0.000402 74.867820
0.000400 74.830392
0.000397 74.792983
0.000395 74.755592
0.000392 74.718220
0.000390 74.680867
0.000387 74.643533
0.000385 74.606217
0.000382 74.568919
0.000380 74.531640
0.000377 74.494380
0.000375 74.457139
0.000372 74.419916
0.000370 74.382711
0.000368 74.345525
0.000365 74.308358
0.000363 74.271209
0.000360 74.234079
0.000358 74.196967
0.000356 74.159874
0.000354 74.122800
0.000351 74.085743
0.000349 74.048706
0.000347 74.011687
0.000345 73.974686
0.000342 73.937704
0.000340 73.900740
0.000338 73.863795
0.000336 73.826868
0.000334 73.789959
0.000332 73.753069
0.000329 73.716197
0.000327 73.679344
0.000325 73.642509
0.000323 73.605693
0.000321 73.568895
0.000319 73.532115
0.000317 73.495354
0.000315 73.458611
0.000313 73.421886
0.000311 73.385180
0.000309 73.348492
0.000307 73.311822
0.000305 73.275171
0.000303 73.238537
0.000301 73.201923
0.000299 73.165326
0.000298 73.128748
0.000296 73.092188
0.000294 73.055646
0.000292 73.019123
0.000290 72.982617
0.000288 72.946130
0.000287 72.909661
0.000285 72.873211
0.000283 72.836778
0.000281 72.800364
0.000279 72.763968
0.000278 72.727590
0.000276 72.691230
0.000274 72.654889
0.000272 72.618565
0.000271 72.582260
0.000269 72.545973
0.000267 72.509703
0.000266 72.473453
0.000264 72.437220
0.000262 72.401005
0.000261 72.364808
0.000259 72.328630
0.000257 72.292469
0.000256 72.256326
0.000254 72.220202
0.000253 72.184096
0.000251 72.148007
0.000250 72.111937
0.000248 72.075884
0.000246 72.039850
0.000245 72.003834
0.000243 71.967835
0.000242 71.931855
0.000240 71.895892
0.000239 71.859948
0.000237 71.824021
0.000236 71.788113
0.000235 71.752222
0.000233 71.716349
0.000232 71.680495
0.000230 71.644658
0.000229 71.608839
0.000227 71.573037
0.000226 71.537254
0.000225 71.501489
0.000223 71.465741
0.000222 71.430012
0.000220 71.394300
0.000219 71.358606
0.000218 71.322930
0.000216 71.287271
0.000215 71.251631
0.000214 71.216008
0.000213 71.180403
0.000211 71.144816
0.000210 71.109246
0.000209 71.073695
0.000207 71.038161
0.000206 71.002645
0.000205 70.967146
0.000204 70.931666
0.000202 70.896203
0.000201 70.860757
0.000200 70.825330
0.000199 70.789920
0.000197 70.754528
0.000196 70.719154
0.000195 70.683797
0.000194 70.648458
0.000193 70.613136
0.000192 70.577832
0.000190 70.542546
0.000189 70.507277
0.000188 70.472026
0.000187 70.436793
0.000186 70.401577
0.000185 70.366379
0.000184 70.331199
0.000182 70.296036
0.000181 70.260890
0.000180 70.225762
0.000179 70.190652
0.000178 70.155559
0.000177 70.120484
0.000176 70.085426
0.000175 70.050386
0.000174 70.015363
0.000173 69.980358
0.000172 69.945370
0.000171 69.910400
0.000170 69.875447
0.000169 69.840512
0.000168 69.805594
0.000167 69.770693
0.000166 69.735810
0.000165 69.700945
0.000164 69.666096
0.000163 69.631266
0.000162 69.596452
0.000161 69.561656
0.000160 69.526878
0.000159 69.492117
0.000158 69.457373
0.000157 69.422646
0.000156 69.387937
0.000155 69.353245
0.000154 69.318571
0.000153 69.283914
0.000152 69.249274
0.000152 69.214651
0.000151 69.180046
0.000150 69.145458
0.000149 69.110887
0.000148 69.076334
0.000147 69.041798
0.000146 69.007279
0.000145 68.972777
0.000145 68.938293
0.000144 68.903826
0.000143 68.869376
0.000142 68.834943
0.000141 68.800528
0.000140 68.766129
0.000139 68.731748
0.000139 68.697384
0.000138 68.663038
0.000137 68.628708
0.000136 68.594395
0.000135 68.560100
0.000135 68.525822
0.000134 68.491561
0.000133 68.457317
0.000132 68.423090
0.000132 68.388880
0.000131 68.354688
0.000130 68.320512
0.000129 68.286354
0.000128 68.252212
0.000128 68.218088
0.000127 68.183981
0.000126 68.149890
0.000126 68.115817
0.000125 68.081761
0.000124 68.047722
0.000123 68.013700
0.000123 67.979694
0.000122 67.945706
0.000121 67.911735
0.000121 67.877781
0.000120 67.843844
0.000119 67.809923
0.000118 67.776020
0.000118 67.742134
0.000117 67.708264
0.000116 67.674412
0.000116 67.640576
0.000115 67.606757
0.000114 67.572955
0.000114 67.539170
0.000113 67.505402
0.000112 67.471651
0.000112 67.437917
0.000111 67.404199
0.000110 67.370499
0.000110 67.336815
0.000109 67.303148
0.000109 67.269498
0.000108 67.235865
0.000107 67.202248
0.000107 67.168649
0.000106 67.135066
0.000106 67.101500
0.000105 67.067950
0.000104 67.034418
0.000104 67.000902
0.000103 66.967403
0.000103 66.933921
0.000102 66.900455
0.000101 66.867006
0.000101 66.833574
0.000100 66.800158
0.000100 66.766760
0.000099 66.733378
0.000099 66.700012
0.000098 66.666664
0.000097 66.633332
0.000097 66.600016
0.000096 66.566718
0.000096 66.533435
0.000095 66.500170
0.000095 66.466921
0.000094 66.433689
0.000094 66.400473
0.000093 66.367274
0.000093 66.334092
0.000092 66.300926
0.000092 66.267777
0.000091 66.234644
0.000091 66.201528
0.000090 66.168429
0.000090 66.135346
0.000089 66.102279
0.000089 66.069229
0.000088 66.036196
0.000088 66.003179
0.000087 65.970178
0.000087 65.937194
0.000086 65.904227
0.000086 65.871276
0.000085 65.838341
0.000085 65.805423
0.000084 65.772522
0.000084 65.739637
0.000083 65.706768
0.000083 65.673916
0.000082 65.641080
0.000082 65.608260
0.000081 65.575457
0.000081 65.542671
0.000080 65.509900
0.000080 65.477146
0.000080 65.444409
0.000079 65.411688
0.000079 65.378983
0.000078 65.346294
0.000078 65.313622
0.000077 65.280967
0.000077 65.248327
0.000077 65.215704
0.000076 65.183097
0.000076 65.150506
0.000075 65.117932
0.000075 65.085374
0.000074 65.052833
0.000074 65.020307
0.000074 64.987798
0.000073 64.955305
0.000073 64.922828
0.000072 64.890368
0.000072 64.857924
0.000072 64.825496
0.000071 64.793084
0.000071 64.760688
0.000070 64.728309
0.000070 64.695945
0.000070 64.663598
0.000069 64.631267
0.000069 64.598953
0.000069 64.566654
0.000068 64.534372
0.000068 64.502105
0.000067 64.469855
0.000067 64.437621
0.000067 64.405403
0.000066 64.373201
0.000066 64.341016
0.000066 64.308846
0.000065 64.276692
0.000065 64.244555
0.000065 64.212433
0.000064 64.180328
0.000064 64.148239
0.000064 64.116165
0.000063 64.084108
0.000063 64.052067
0.000063 64.020042
0.000062 63.988032
0.000062 63.956039
0.000061 63.924062
0.000061 63.892101
0.000061 63.860155
0.000061 63.828226
0.000060 63.796313
0.000060 63.764415
0.000060 63.732534
0.000059 63.700669
0.000059 63.668819
0.000059 63.636985
0.000058 63.605168
0.000058 63.573366
0.000058 63.541580
0.000057 63.509810
0.000057 63.478056
0.000057 63.446317
0.000056 63.414595
0.000056 63.382888
0.000056 63.351197
0.000056 63.319523
0.000055 63.287864
0.000055 63.256220
0.000055 63.224593
0.000054 63.192981
0.000054 63.161385
0.000054 63.129805
0.000053 63.098241
0.000053 63.066693
0.000053 63.035160
0.000053 63.003643
0.000052 62.972142
0.000052 62.940657
0.000052 62.909187
0.000052 62.877733
0.000051 62.846295
0.000051 62.814872
0.000051 62.783465
0.000050 62.752074
0.000050 62.720699
0.000050 62.689339
0.000050 62.657995
0.000049 62.626667
0.000049 62.595354
0.000049 62.564057
0.000049 62.532776
0.000048 62.501510
0.000048 62.470260
0.000048 62.439025
0.000048 62.407806
0.000047 62.376603
0.000047 62.345415
0.000047 62.314243
0.000047 62.283087
0.000046 62.251946
0.000046 62.220820
0.000046 62.189710
0.000046 62.158616
0.000045 62.127537
0.000045 62.096474
0.000045 62.065427
0.000045 62.034394
0.000044 62.003378
0.000044 61.972377
0.000044 61.941391
0.000044 61.910421
0.000044 61.879466
0.000043 61.848527
0.000043 61.817603
0.000043 61.786695
0.000043 61.755802
0.000042 61.724925
0.000042 61.694063
0.000042 61.663216
0.000042 61.632385
0.000042 61.601570
0.000041 61.570769
0.000041 61.539984
0.000041 61.509215
0.000041 61.478461
0.000041 61.447722
0.000040 61.416999
0.000040 61.386291
0.000040 61.355598
0.000040 61.324921
0.000039 61.294259
0.000039 61.263612
0.000039 61.232981
0.000039 61.202365
0.000039 61.171764
0.000038 61.141179
0.000038 61.110609
0.000038 61.080054
0.000038 61.049514
0.000038 61.018990
0.000038 60.988481
0.000037 60.957987
0.000037 60.927509
0.000037 60.897045
0.000037 60.866597
0.000037 60.836164
0.000036 60.805747
0.000036 60.775344
0.000036 60.744957
0.000036 60.714585
0.000036 60.684228
0.000035 60.653886
0.000035 60.623560
0.000035 60.593249
0.000035 60.562952
0.000035 60.532671
0.000035 60.502405
0.000034 60.472155
0.000034 60.441919
0.000034 60.411698
0.000034 60.381493
0.000034 60.351303
0.000034 60.321127
0.000033 60.290967
0.000033 60.260822
0.000033 60.230692
0.000033 60.200577
0.000033 60.170477
0.000033 60.140392
0.000032 60.110323
0.000032 60.080268
0.000032 60.050228
0.000032 60.020203
0.000032 59.990194
0.000032 59.960199
0.000031 59.930219
0.000031 59.900255
0.000031 59.870305
0.000031 59.840370
0.000031 59.810450
0.000031 59.780545
0.000030 59.750655
0.000030 59.720780
0.000030 59.690920
0.000030 59.661075
0.000030 59.631245
0.000030 59.601430
0.000030 59.571630
0.000029 59.541844
0.000029 59.512073
0.000029 59.482318
0.000029 59.452577
0.000029 59.422851
0.000029 59.393140
0.000029 59.363444
0.000028 59.333762
0.000028 59.304096
0.000028 59.274444
0.000028 59.244807
0.000028 59.215185
0.000028 59.185578
0.000028 59.155985
0.000027 59.126408
0.000027 59.096845
0.000027 59.067297
0.000027 59.037763
0.000027 59.008245
0.000027 58.978741
0.000027 58.949252
0.000027 58.919778
0.000026 58.890318
0.000026 58.860873
0.000026 58.831443
0.000026 58.802028
0.000026 58.772627
0.000026 58.743241
0.000026 58.713870
0.000026 58.684513
0.000025 58.655171
0.000025 58.625844
0.000025 58.596531
0.000025 58.567233
0.000025 58.537950
0.000025 58.508681
0.000025 58.479427
0.000025 58.450188
0.000024 58.420963
0.000024 58.391753
0.000024 58.362557
0.000024 58.333376
0.000024 58.304210
0.000024 58.275058
0.000024 58.245921
0.000024 58.216798
0.000024 58.187690
0.000023 58.158596
0.000023 58.129517
0.000023 58.100453
0.000023 58.071403
0.000023 58.042367
0.000023 58.013347
0.000023 57.984340
0.000023 57.955348
0.000023 57.926371
0.000022 57.897408
0.000022 57.868459
0.000022 57.839525
0.000022 57.810606
0.000022 57.781701
0.000022 57.752810
0.000022 57.723934
0.000022 57.695072
0.000022 57.666225
0.000021 57.637392
0.000021 57.608574
0.000021 57.579770
0.000021 57.550980
0.000021 57.522205
0.000021 57.493444
0.000021 57.464698
0.000021 57.435965
0.000021 57.407248
0.000021 57.378544
0.000020 57.349855
0.000020 57.321181
0.000020 57.292520
0.000020 57.263874
0.000020 57.235243
0.000020 57.206625
0.000020 57.178022
0.000020 57.149433
0.000020 57.120859
0.000020 57.092299
0.000020 57.063753
0.000019 57.035221
0.000019 57.006704
0.000019 56.978200
0.000019 56.949712
0.000019 56.921237
0.000019 56.892777
0.000019 56.864330
0.000019 56.835898
0.000019 56.807481
0.000019 56.779077
0.000019 56.750688
0.000018 56.722313
0.000018 56.693952
0.000018 56.665605
0.000018 56.637272
0.000018 56.608954
0.000018 56.580650
0.000018 56.552360
0.000018 56.524084
0.000018 56.495822
0.000018 56.467574
0.000018 56.439340
0.000018 56.411121
0.000017 56.382916
0.000017 56.354724
0.000017 56.326547
0.000017 56.298384
0.000017 56.270235
0.000017 56.242100
0.000017 56.213979
0.000017 56.185873
0.000017 56.157780
0.000017 56.129701
0.000017 56.101636
0.000017 56.073586
0.000016 56.045549
0.000016 56.017527
0.000016 55.989518
0.000016 55.961523
0.000016 55.933543
0.000016 55.905576
0.000016 55.877624
0.000016 55.849685
0.000016 55.821760
0.000016 55.793850
0.000016 55.765953
0.000016 55.738070
0.000016 55.710201
0.000016 55.682346
0.000015 55.654505
0.000015 55.626678
0.000015 55.598865
0.000015 55.571066
0.000015 55.543280
0.000015 55.515509
0.000015 55.487751
0.000015 55.460008
0.000015 55.432278
0.000015 55.404562
0.000015 55.376860
0.000015 55.349172
0.000015 55.321497
0.000015 55.293837
0.000015 55.266190
0.000014 55.238557
0.000014 55.210938
0.000014 55.183332
0.000014 55.155741
0.000014 55.128163
0.000014 55.100599
0.000014 55.073049
0.000014 55.045513
0.000014 55.017990
0.000014 54.990481
0.000014 54.962986
0.000014 54.935505
0.000014 54.908037
0.000014 54.880583
0.000014 54.853143
0.000013 54.825717
0.000013 54.798304
0.000013 54.770905
0.000013 54.743520
0.000013 54.716148
0.000013 54.688790
0.000013 54.661446
0.000013 54.634115
0.000013 54.606799
0.000013 54.579495
0.000013 54.552206
0.000013 54.524930
0.000013 54.497667
0.000013 54.470419
0.000013 54.443184
0.000013 54.415962
0.000013 54.388754
0.000013 54.361560
0.000012 54.334379
0.000012 54.307212
0.000012 54.280059
0.000012 54.252919
0.000012 54.225793
0.000012 54.198680
0.000012 54.171581
0.000012 54.144495
0.000012 54.117423
0.000012 54.090364
0.000012 54.063319
0.000012 54.036288
0.000012 54.009270
0.000012 53.982265
0.000012 53.955274
0.000012 53.928297
0.000012 53.901333
0.000012 53.874382
0.000012 53.847445
0.000011 53.820522
0.000011 53.793611
0.000011 53.766715
0.000011 53.739831
0.000011 53.712962
0.000011 53.686105
0.000011 53.659262
0.000011 53.632433
0.000011 53.605617
0.000011 53.578814
0.000011 53.552025
0.000011 53.525249
0.000011 53.498486
0.000011 53.471737
0.000011 53.445002
0.000011 53.418279
0.000011 53.391570
0.000011 53.364874
0.000011 53.338192
0.000011 53.311523
0.000010 53.284867
0.000010 53.258225
0.000010 53.231596
0.000010 53.204980
0.000010 53.178378
0.000010 53.151789
0.000010 53.125213
0.000010 53.098651
0.000010 53.072102
0.000010 53.045566
0.000010 53.019043
0.000010 52.992533
0.000010 52.966037
0.000010 52.939554
0.000010 52.913085
0.000010 52.886628
0.000010 52.860185
0.000010 52.833755
0.000010 52.807338
0.000010 52.780935
0.000010 52.754544
0.000010 52.728167
0.000010 52.701803
0.000010 52.675452
0.000009 52.649115
0.000009 52.622790
0.000009 52.596479
0.000009 52.570181
0.000009 52.543896
0.000009 52.517624
0.000009 52.491365
0.000009 52.465120
0.000009 52.438887
0.000009 52.412668
0.000009 52.386462
0.000009 52.360269
0.000009 52.334089
0.000009 52.307922
0.000009 52.281768
0.000009 52.255627
0.000009 52.229499
0.000009 52.203385
0.000009 52.177283
0.000009 52.151194
0.000009 52.125119
0.000009 52.099056
0.000009 52.073007
0.000009 52.046971
0.000009 52.020947
0.000009 51.994937
0.000008 51.968939
0.000008 51.942955
0.000008 51.916984
0.000008 51.891025
0.000008 51.865080
0.000008 51.839147
0.000008 51.813228
0.000008 51.787321
0.000008 51.761428
0.000008 51.735547
0.000008 51.709679
0.000008 51.683825
0.000008 51.657983
0.000008 51.632154
0.000008 51.606338
0.000008 51.580535
0.000008 51.554745
0.000008 51.528967
0.000008 51.503203
0.000008 51.477452
0.000008 51.451713
0.000008 51.425987
0.000008 51.400274
0.000008 51.374574
0.000008 51.348887
0.000008 51.323213
0.000008 51.297551
0.000008 51.271902
0.000008 51.246266
0.000008 51.220643
0.000007 51.195033
0.000007 51.169436
0.000007 51.143851
0.000007 51.118279
0.000007 51.092720
0.000007 51.067174
0.000007 51.041640
0.000007 51.016120
0.000007 50.990612
0.000007 50.965116
0.000007 50.939634
0.000007 50.914164
0.000007 50.888707
0.000007 50.863263
0.000007 50.837831
0.000007 50.812413
0.000007 50.787006
0.000007 50.761613
0.000007 50.736232
0.000007 50.710864
0.000007 50.685509
0.000007 50.660166
0.000007 50.634836
0.000007 50.609519
0.000007 50.584214
0.000007 50.558922
0.000007 50.533643
0.000007 50.508376
0.000007 50.483122
0.000007 50.457880
0.000007 50.432651
0.000007 50.407435
0.000007 50.382231
0.000007 50.357040
0.000007 50.331862
0.000006 50.306696
0.000006 50.281543
0.000006 50.256402
0.000006 50.231274
0.000006 50.206158
0.000006 50.181055
0.000006 50.155965
0.000006 50.130887
0.000006 50.105822
0.000006 50.080769
0.000006 50.055728
0.000006 50.030701
0.000006 50.005685
0.000006 49.980683
0.000006 49.955692
0.000006 49.930715
0.000006 49.905749
0.000006 49.880796
0.000006 49.855856
0.000006 49.830928
0.000006 49.806013
0.000006 49.781110
0.000006 49.756219
0.000006 49.731341
0.000006 49.706476
0.000006 49.681623
0.000006 49.656782
0.000006 49.631953
0.000006 49.607138
0.000006 49.582334
0.000006 49.557543
0.000006 49.532764
0.000006 49.507998
0.000006 49.483244
0.000006 49.458502
0.000006 49.433773
0.000006 49.409056
0.000006 49.384352
0.000006 49.359660
0.000006 49.334980
0.000006 49.310313
0.000006 49.285657
0.000005 49.261015
0.000005 49.236384
0.000005 49.211766
0.000005 49.187160
0.000005 49.162567
0.000005 49.137985
0.000005 49.113417
0.000005 49.088860
0.000005 49.064316
0.000005 49.039783
0.000005 49.015264
0.000005 48.990756
0.000005 48.966261
0.000005 48.941778
0.000005 48.917307
0.000005 48.892848
0.000005 48.868402
0.000005 48.843968
0.000005 48.819546
0.000005 48.795136
0.000005 48.770738
0.000005 48.746353
0.000005 48.721980
0.000005 48.697619
0.000005 48.673270
0.000005 48.648934
0.000005 48.624609
0.000005 48.600297
0.000005 48.575997
0.000005 48.551709
0.000005 48.527433
0.000005 48.503170
0.000005 48.478918
0.000005 48.454679
0.000005 48.430451
0.000005 48.406236
0.000005 48.382033
0.000005 48.357842
0.000005 48.333663
0.000005 48.309496
0.000005 48.285342
0.000005 48.261199
0.000005 48.237069
0.000005 48.212950
0.000005 48.188844
0.000005 48.164749
0.000005 48.140667
0.000005 48.116597
0.000005 48.092538
0.000005 48.068492
0.000005 48.044458
0.000005 48.020436
0.000004 47.996426
0.000004 47.972427
0.000004 47.948441
0.000004 47.924467
0.000004 47.900505
0.000004 47.876555
0.000004 47.852616
0.000004 47.828690
0.000004 47.804776
0.000004 47.780874
0.000004 47.756983
0.000004 47.733105
0.000004 47.709238
0.000004 47.685384
0.000004 47.661541
0.000004 47.637710
0.000004 47.613891
0.000004 47.590084
0.000004 47.566289
0.000004 47.542506
0.000004 47.518735
0.000004 47.494976
0.000004 47.471228
0.000004 47.447493
0.000004 47.423769
0.000004 47.400057
0.000004 47.376357
0.000004 47.352669
0.000004 47.328993
0.000004 47.305328
0.000004 47.281676
0.000004 47.258035
0.000004 47.234406
0.000004 47.210789
0.000004 47.187183
0.000004 47.163590
0.000004 47.140008
0.000004 47.116438
0.000004 47.092880
0.000004 47.069334
0.000004 47.045799
0.000004 47.022276
0.000004 46.998765
0.000004 46.975266
0.000004 46.951778
0.000004 46.928302
0.000004 46.904838
0.000004 46.881386
0.000004 46.857945
0.000004 46.834516
0.000004 46.811099
0.000004 46.787693
0.000004 46.764300
0.000004 46.740917
0.000004 46.717547
0.000004 46.694188
0.000004 46.670841
0.000004 46.647506
0.000004 46.624182
0.000004 46.600870
0.000004 46.577570
0.000004 46.554281
0.000004 46.531004
0.000004 46.507738
0.000004 46.484484
0.000004 46.461242
0.000004 46.438012
0.000003 46.414793
0.000003 46.391585
0.000003 46.368390
0.000003 46.345205
0.000003 46.322033
0.000003 46.298872
0.000003 46.275722
0.000003 46.252585
0.000003 46.229458
0.000003 46.206344
0.000003 46.183241
0.000003 46.160149
0.000003 46.137069
0.000003 46.114000
0.000003 46.090943
0.000003 46.067898
0.000003 46.044864
0.000003 46.021842
0.000003 45.998831
0.000003 45.975831
0.000003 45.952844
0.000003 45.929867
0.000003 45.906902
0.000003 45.883949
0.000003 45.861007
0.000003 45.838076
0.000003 45.815157
0.000003 45.792250
0.000003 45.769354
0.000003 45.746469
0.000003 45.723596
0.000003 45.700734
0.000003 45.677884
0.000003 45.655045
0.000003 45.632217
0.000003 45.609401
0.000003 45.586597
0.000003 45.563803
0.000003 45.541021
0.000003 45.518251
0.000003 45.495492
0.000003 45.472744
0.000003 45.450008
0.000003 45.427283
0.000003 45.404569
0.000003 45.381867
0.000003 45.359176
0.000003 45.336497
0.000003 45.313828
0.000003 45.291171
0.000003 45.268526
0.000003 45.245892
0.000003 45.223269
0.000003 45.200657
0.000003 45.178057
0.000003 45.155468
0.000003 45.132890
0.000003 45.110324
0.000003 45.087769
0.000003 45.065225
0.000003 45.042692
0.000003 45.020171
0.000003 44.997661
0.000003 44.975162
0.000003 44.952674
0.000003 44.930198
0.000003 44.907733
0.000003 44.885279
0.000003 44.862837
0.000003 44.840405
0.000003 44.817985
0.000003 44.795576
0.000003 44.773178
0.000003 44.750792
0.000003 44.728416
0.000003 44.706052
0.000003 44.683699
0.000003 44.661357
0.000003 44.639027
0.000003 44.616707
0.000003 44.594399
0.000003 44.572102
0.000003 44.549816
0.000003 44.527541
0.000003 44.505277
0.000003 44.483024
0.000003 44.460783
0.000003 44.438552
0.000003 44.416333
0.000003 44.394125
0.000003 44.371928
0.000003 44.349742
0.000003 44.327567
0.000003 44.305403
0.000003 44.283251
0.000002 44.261109
0.000002 44.238979
0.000002 44.216859
0.000002 44.194751
0.000002 44.172653
0.000002 44.150567
0.000002 44.128492
0.000002 44.106428
0.000002 44.084374
0.000002 44.062332
0.000002 44.040301
0.000002 44.018281
0.000002 43.996272
0.000002 43.974274
0.000002 43.952287
0.000002 43.930311
0.000002 43.908345
0.000002 43.886391
0.000002 43.864448
0.000002 43.842516
0.000002 43.820595
0.000002 43.798684
